0 ; 10930.2 ; 9.61236e-16
0.05 ; 11447.2 ; -0.00625888
0.1 ; 11985.8 ; -0.0180822
0.15 ; 12546.6 ; -0.0348644
0.2 ; 13130.3 ; -0.0560776
0.25 ; 13737.3 ; -0.0812618
0.3 ; 14368.5 ; -0.110017
0.35 ; 15024.2 ; -0.141995
0.4 ; 15705.1 ; -0.176896
0.45 ; 16411.7 ; -0.21446
0.5 ; 17144.5 ; -0.254465
0.55 ; 17903.9 ; -0.296721
0.6 ; 18690.5 ; -0.341069
0.65 ; 19504.5 ; -0.387376
0.7 ; 20346.3 ; -0.435533
0.75 ; 21216.1 ; -0.485453
0.8 ; 22114.4 ; -0.53707
0.85 ; 23041 ; -0.590333
0.9 ; 23996.3 ; -0.645212
0.95 ; 24980.2 ; -0.70169
1 ; 25992.7 ; -0.759763
1.05 ; 27033.5 ; -0.819444
1.1 ; 28102.7 ; -0.880754
1.15 ; 29199.7 ; -0.943728
1.2 ; 30324.3 ; -1.00841
1.25 ; 31475.9 ; -1.07486
1.3 ; 32654 ; -1.14314
1.35 ; 33857.8 ; -1.21332
1.4 ; 35086.7 ; -1.2855
1.45 ; 36339.7 ; -1.35975
1.5 ; 37615.9 ; -1.43618
1.55 ; 38914.2 ; -1.51491
1.6 ; 40233.3 ; -1.59604
1.65 ; 41572.1 ; -1.67971
1.7 ; 42929.2 ; -1.76604
1.75 ; 44303.1 ; -1.85518
1.8 ; 45692.3 ; -1.94727
1.85 ; 47095.2 ; -2.04248
1.9 ; 48510.2 ; -2.14097
1.95 ; 49935.5 ; -2.24291
2 ; 51369.3 ; -2.34848
2.05 ; 52809.9 ; -2.45788
2.1 ; 54255.3 ; -2.5713
2.15 ; 55703.6 ; -2.68895
2.2 ; 57153.1 ; -2.81106
2.25 ; 58601.7 ; -2.93785
2.3 ; 60047.6 ; -3.06955
2.35 ; 61488.8 ; -3.20642
2.4 ; 62923.6 ; -3.34871
2.45 ; 64350.1 ; -3.4967
2.5 ; 65766.4 ; -3.65067
2.55 ; 67171 ; -3.81091
2.6 ; 68562 ; -3.97773
2.65 ; 69937.9 ; -4.15145
2.7 ; 71297.2 ; -4.33241
2.75 ; 72638.3 ; -4.52096
2.8 ; 73960 ; -4.71745
2.85 ; 75261 ; -4.92228
2.9 ; 76540 ; -5.13584
2.95 ; 77796 ; -5.35854
3 ; 79028 ; -5.59081
3.05 ; 80235 ; -5.83312
3.1 ; 81416.4 ; -6.08592
3.15 ; 82571.5 ; -6.34972
3.2 ; 83699.5 ; -6.62503
3.25 ; 84800.1 ; -6.91239
3.3 ; 85872.8 ; -7.21236
3.35 ; 86917.3 ; -7.52552
3.4 ; 87933.4 ; -7.85249
3.45 ; 88920.9 ; -8.19392
3.5 ; 89879.9 ; -8.55046
3.55 ; 90810.3 ; -8.92283
3.6 ; 91712.1 ; -9.31175
3.65 ; 92585.7 ; -9.71799
3.7 ; 93431.1 ; -10.1424
3.75 ; 94248.7 ; -10.5857
3.8 ; 95038.8 ; -11.0488
3.85 ; 95801.8 ; -11.5327
3.9 ; 96538.1 ; -12.0383
3.95 ; 97248.1 ; -12.5666
4 ; 97932.4 ; -13.1187
4.05 ; 98591.5 ; -13.6956
4.1 ; 99225.9 ; -14.2985
4.15 ; 99836.2 ; -14.9287
4.2 ; 100423 ; -15.5872
4.25 ; 100987 ; -16.2756
4.3 ; 101529 ; -16.9951
4.35 ; 102049 ; -17.7471
4.4 ; 102548 ; -18.5333
4.45 ; 103026 ; -19.3551
4.5 ; 103485 ; -20.2143
4.55 ; 103925 ; -21.1125
4.6 ; 104346 ; -22.0516
4.65 ; 104749 ; -23.0335
4.7 ; 105136 ; -24.0601
4.75 ; 105505 ; -25.1335
4.8 ; 105859 ; -26.256
4.85 ; 106197 ; -27.4298
4.9 ; 106520 ; -28.6573
4.95 ; 106829 ; -29.941
5 ; 107124 ; -31.2835
5.05 ; 107406 ; -32.6876
5.1 ; 107675 ; -34.1563
5.15 ; 107932 ; -35.6924
5.2 ; 108178 ; -37.2993
5.25 ; 108412 ; -38.9801
5.3 ; 108635 ; -40.7385
5.35 ; 108849 ; -42.5781
5.4 ; 109052 ; -44.5026
5.45 ; 109246 ; -46.5162
5.5 ; 109431 ; -48.6231
5.55 ; 109608 ; -50.8277
5.6 ; 109776 ; -53.1347
5.65 ; 109936 ; -55.5489
5.7 ; 110089 ; -58.0754
5.75 ; 110235 ; -60.7197
5.8 ; 110374 ; -63.4874
5.85 ; 110506 ; -66.3844
5.9 ; 110632 ; -69.4169
5.95 ; 110753 ; -72.5915
6 ; 110867 ; -75.915
6.05 ; 110976 ; -79.3947
6.1 ; 111080 ; -83.038
6.15 ; 111179 ; -86.8531
6.2 ; 111274 ; -90.8481
6.25 ; 111364 ; -95.032
6.3 ; 111450 ; -99.4139
6.35 ; 111531 ; -104.004
6.4 ; 111609 ; -108.811
6.45 ; 111684 ; -113.847
6.5 ; 111755 ; -119.124
6.55 ; 111822 ; -124.652
6.6 ; 111887 ; -130.444
6.65 ; 111948 ; -136.514
6.7 ; 112007 ; -142.875
6.75 ; 112063 ; -149.542
6.8 ; 112116 ; -156.53
6.85 ; 112168 ; -163.855
6.9 ; 112216 ; -171.535
6.95 ; 112263 ; -179.586
7 ; 112308 ; -188.028
7.05 ; 112351 ; -196.881
7.1 ; 112392 ; -206.166
7.15 ; 112431 ; -215.904
7.2 ; 112469 ; -226.118
7.25 ; 112505 ; -236.834
7.3 ; 112540 ; -248.076
7.35 ; 112573 ; -259.873
7.4 ; 112605 ; -272.252
7.45 ; 112636 ; -285.243
7.5 ; 112666 ; -298.879
7.55 ; 112695 ; -313.193
7.6 ; 112723 ; -328.221
7.65 ; 112750 ; -343.999
7.7 ; 112776 ; -360.568
7.75 ; 112802 ; -377.968
7.8 ; 112826 ; -396.244
7.85 ; 112851 ; -415.441
7.9 ; 112874 ; -435.61
7.95 ; 112898 ; -456.801
8 ; 112920 ; -479.069
8.05 ; 112943 ; -502.472
8.1 ; 112965 ; -527.07
8.15 ; 112986 ; -552.928
8.2 ; 113008 ; -580.114
8.25 ; 113029 ; -608.698
8.3 ; 113051 ; -638.758
8.35 ; 113072 ; -670.374
8.4 ; 113093 ; -703.628
8.45 ; 113114 ; -738.613
8.5 ; 113136 ; -775.421
8.55 ; 113157 ; -814.152
8.6 ; 113179 ; -854.913
8.65 ; 113201 ; -897.815
8.7 ; 113223 ; -942.975
8.75 ; 113246 ; -990.519
8.8 ; 113269 ; -1040.58
8.85 ; 113292 ; -1093.29
8.9 ; 113317 ; -1148.81
8.95 ; 113341 ; -1207.28
9 ; 113367 ; -1268.88
9.05 ; 113393 ; -1333.77
9.1 ; 113420 ; -1402.15
9.15 ; 113447 ; -1474.19
9.2 ; 113476 ; -1550.12
9.25 ; 113506 ; -1630.15
9.3 ; 113537 ; -1714.5
9.35 ; 113569 ; -1803.43
9.4 ; 113602 ; -1897.18
9.45 ; 113636 ; -1996.03
9.5 ; 113672 ; -2100.27
9.55 ; 113709 ; -2210.2
9.6 ; 113748 ; -2326.15
9.65 ; 113789 ; -2448.46
9.7 ; 113831 ; -2577.48
9.75 ; 113875 ; -2713.6
9.8 ; 113921 ; -2857.23
9.85 ; 113969 ; -3008.8
9.9 ; 114019 ; -3168.76
9.95 ; 114072 ; -3337.61
10 ; 114127 ; -3515.86
10.05 ; 114184 ; -3704.06
10.1 ; 114244 ; -3902.79
10.15 ; 114307 ; -4112.67
10.2 ; 114373 ; -4334.36
10.25 ; 114442 ; -4568.58
10.3 ; 114514 ; -4816.06
10.35 ; 114589 ; -5077.62
10.4 ; 114668 ; -5354.1
10.45 ; 114750 ; -5646.42
10.5 ; 114837 ; -5955.54
10.55 ; 114927 ; -6282.51
10.6 ; 115022 ; -6628.43
10.65 ; 115121 ; -6994.49
10.7 ; 115224 ; -7381.95
10.75 ; 115332 ; -7792.17
10.8 ; 115446 ; -8226.59
10.85 ; 115564 ; -8686.75
10.9 ; 115688 ; -9174.31
10.95 ; 115818 ; -9691.04
11 ; 115954 ; -10238.8
11.05 ; 116095 ; -10819.7
11.1 ; 116244 ; -11435.8
11.15 ; 116399 ; -12089.5
11.2 ; 116561 ; -12783.3
11.25 ; 116730 ; -13519.7
11.3 ; 116907 ; -14301.8
11.35 ; 117092 ; -15132.4
11.4 ; 117286 ; -16014.9
11.45 ; 117487 ; -16952.9
11.5 ; 117698 ; -17949.9
11.55 ; 117919 ; -19010.2
11.6 ; 118148 ; -20137.9
11.65 ; 118389 ; -21337.8
11.7 ; 118639 ; -22614.8
11.75 ; 118901 ; -23974.1
11.8 ; 119174 ; -25421.5
11.85 ; 119458 ; -26963.2
11.9 ; 119755 ; -28605.7
11.95 ; 120065 ; -30356
12 ; 120389 ; -32221.7
12.05 ; 120726 ; -34210.8
12.1 ; 121077 ; -36332.2
12.15 ; 121444 ; -38595.1
12.2 ; 121826 ; -41009.5
12.25 ; 122224 ; -43586.2
12.3 ; 122639 ; -46336.7
12.35 ; 123071 ; -49273.4
12.4 ; 123522 ; -52409.6
12.45 ; 123991 ; -55759.5
12.5 ; 124479 ; -59338.4
12.55 ; 124988 ; -63162.8
12.6 ; 125518 ; -67250.3
12.65 ; 126070 ; -71619.8
12.7 ; 126644 ; -76291.5
12.75 ; 127241 ; -81287.4
12.8 ; 127863 ; -86630.8
12.85 ; 128509 ; -92346.7
12.9 ; 129181 ; -98462.3
12.95 ; 129880 ; -105006
13 ; 130607 ; -112010
13.05 ; 131363 ; -119507
13.1 ; 132148 ; -127532
13.15 ; 132964 ; -136125
13.2 ; 133812 ; -145326
13.25 ; 134692 ; -155180
13.3 ; 135607 ; -165735
13.35 ; 136558 ; -177041
13.4 ; 137545 ; -189155
13.45 ; 138571 ; -202133
13.5 ; 139636 ; -216041
13.55 ; 140742 ; -230946
13.6 ; 141890 ; -246921
13.65 ; 143084 ; -264045
13.7 ; 144323 ; -282403
13.75 ; 145610 ; -302084
13.8 ; 146947 ; -323188
13.85 ; 148336 ; -345817
13.9 ; 149779 ; -370086
13.95 ; 151278 ; -396116
14 ; 152836 ; -424035
14.05 ; 154455 ; -453985
14.1 ; 156137 ; -486115
14.15 ; 157884 ; -520587
14.2 ; 159700 ; -557574
14.25 ; 161586 ; -597263
14.3 ; 163546 ; -639854
14.35 ; 165581 ; -685562
14.4 ; 167694 ; -734619
14.45 ; 169889 ; -787272
14.5 ; 172167 ; -843790
14.55 ; 174532 ; -904459
14.6 ; 176987 ; -969587
14.65 ; 179535 ; -1.03951e+06
14.7 ; 182180 ; -1.11458e+06
14.75 ; 184925 ; -1.19517e+06
14.8 ; 187774 ; -1.28172e+06
14.85 ; 190732 ; -1.37464e+06
14.9 ; 193802 ; -1.47443e+06
14.95 ; 196988 ; -1.58159e+06
15 ; 200296 ; -1.69667e+06
15.05 ; 203730 ; -1.82027e+06
15.1 ; 207295 ; -1.95302e+06
15.15 ; 210995 ; -2.09559e+06
15.2 ; 214836 ; -2.24873e+06
15.25 ; 218823 ; -2.41322e+06
15.3 ; 222962 ; -2.58992e+06
15.35 ; 227258 ; -2.77973e+06
15.4 ; 231718 ; -2.98363e+06
15.45 ; 236347 ; -3.20268e+06
15.5 ; 241151 ; -3.43802e+06
15.55 ; 246138 ; -3.69084e+06
15.6 ; 251313 ; -3.96248e+06
15.65 ; 256685 ; -4.25433e+06
15.7 ; 262260 ; -4.5679e+06
15.75 ; 268047 ; -4.90483e+06
15.8 ; 274052 ; -5.26686e+06
15.85 ; 280284 ; -5.65586e+06
15.9 ; 286753 ; -6.07387e+06
15.95 ; 293465 ; -6.52306e+06
16 ; 300432 ; -7.00575e+06
16.05 ; 307662 ; -7.52446e+06
16.1 ; 315164 ; -8.08189e+06
16.15 ; 322951 ; -8.68094e+06
16.2 ; 331031 ; -9.32473e+06
16.25 ; 339416 ; -1.00166e+07
16.3 ; 348118 ; -1.07602e+07
16.35 ; 357149 ; -1.15594e+07
16.4 ; 366520 ; -1.24183e+07
16.45 ; 376246 ; -1.33415e+07
16.5 ; 386338 ; -1.43337e+07
16.55 ; 396811 ; -1.54001e+07
16.6 ; 407679 ; -1.65463e+07
16.65 ; 418957 ; -1.77783e+07
16.7 ; 430661 ; -1.91026e+07
16.75 ; 442807 ; -2.0526e+07
16.8 ; 455410 ; -2.2056e+07
16.85 ; 468489 ; -2.37006e+07
16.9 ; 482061 ; -2.54684e+07
16.95 ; 496146 ; -2.73686e+07
17 ; 510761 ; -2.94113e+07
17.05 ; 525927 ; -3.1607e+07
17.1 ; 541665 ; -3.39674e+07
17.15 ; 557996 ; -3.65047e+07
17.2 ; 574943 ; -3.92322e+07
17.25 ; 592528 ; -4.21643e+07
17.3 ; 610775 ; -4.53163e+07
17.35 ; 629710 ; -4.87048e+07
17.4 ; 649357 ; -5.23474e+07
17.45 ; 669744 ; -5.62634e+07
17.5 ; 690897 ; -6.04732e+07
17.55 ; 712847 ; -6.49989e+07
17.6 ; 735622 ; -6.98643e+07
17.65 ; 759253 ; -7.50948e+07
17.7 ; 783772 ; -8.07181e+07
17.75 ; 809212 ; -8.67634e+07
17.8 ; 835606 ; -9.32627e+07
17.85 ; 862989 ; -1.0025e+08
17.9 ; 891394 ; -1.07762e+08
17.95 ; 920860 ; -1.15838e+08
18 ; 951430 ; -1.24521e+08
18.05 ; 983146 ; -1.33856e+08
18.1 ; 1.01605e+06 ; -1.43892e+08
18.15 ; 1.0502e+06 ; -1.54682e+08
18.2 ; 1.08562e+06 ; -1.66283e+08
18.25 ; 1.12237e+06 ; -1.78755e+08
18.3 ; 1.16049e+06 ; -1.92164e+08
18.35 ; 1.20004e+06 ; -2.06581e+08
18.4 ; 1.24107e+06 ; -2.22082e+08
18.45 ; 1.28364e+06 ; -2.38747e+08
18.5 ; 1.32782e+06 ; -2.56664e+08
18.55 ; 1.37366e+06 ; -2.75929e+08
18.6 ; 1.42122e+06 ; -2.96641e+08
18.65 ; 1.47057e+06 ; -3.1891e+08
18.7 ; 1.52178e+06 ; -3.42854e+08
18.75 ; 1.57491e+06 ; -3.68597e+08
18.8 ; 1.63003e+06 ; -3.96275e+08
18.85 ; 1.68721e+06 ; -4.26034e+08
18.9 ; 1.74653e+06 ; -4.58031e+08
18.95 ; 1.80806e+06 ; -4.92433e+08
19 ; 1.8719e+06 ; -5.29422e+08
19.05 ; 1.93812e+06 ; -5.69192e+08
19.1 ; 2.00682e+06 ; -6.11953e+08
19.15 ; 2.07809e+06 ; -6.57929e+08
19.2 ; 2.15201e+06 ; -7.07362e+08
19.25 ; 2.2287e+06 ; -7.60513e+08
19.3 ; 2.30826e+06 ; -8.17661e+08
19.35 ; 2.39078e+06 ; -8.79107e+08
19.4 ; 2.47637e+06 ; -9.45174e+08
19.45 ; 2.56515e+06 ; -1.01621e+09
19.5 ; 2.65727e+06 ; -1.09259e+09
19.55 ; 2.75263e+06 ; -1.17471e+09
19.6 ; 2.8519e+06 ; -1.26301e+09
19.65 ; 2.95488e+06 ; -1.35795e+09
19.7 ; 3.06144e+06 ; -1.46004e+09
19.75 ; 3.17236e+06 ; -1.5698e+09
19.8 ; 3.287e+06 ; -1.68782e+09
19.85 ; 3.4062e+06 ; -1.81472e+09
19.9 ; 3.52936e+06 ; -1.95116e+09
19.95 ; 3.65718e+06 ; -2.09787e+09
20 ; 3.78917e+06 ; -2.25561e+09
20.05 ; 3.92709e+06 ; -2.42522e+09
20.1 ; 4.07022e+06 ; -2.60759e+09
20.15 ; 4.2181e+06 ; -2.80368e+09
20.2 ; 4.37266e+06 ; -3.01453e+09
20.25 ; 4.53271e+06 ; -3.24124e+09
20.3 ; 4.69784e+06 ; -3.485e+09
20.35 ; 4.87048e+06 ; -3.7471e+09
20.4 ; 5.04901e+06 ; -4.02893e+09
20.45 ; 5.23405e+06 ; -4.33196e+09
20.5 ; 5.42632e+06 ; -4.65779e+09
20.55 ; 5.62447e+06 ; -5.00813e+09
20.6 ; 5.83206e+06 ; -5.38484e+09
20.65 ; 6.04546e+06 ; -5.78988e+09
20.7 ; 6.26891e+06 ; -6.22541e+09
20.75 ; 6.49835e+06 ; -6.69371e+09
20.8 ; 6.73899e+06 ; -7.19725e+09
20.85 ; 6.98579e+06 ; -7.73867e+09
20.9 ; 7.24485e+06 ; -8.32083e+09
20.95 ; 7.50981e+06 ; -8.9468e+09
21 ; 7.78949e+06 ; -9.61988e+09
21.05 ; 8.07468e+06 ; -1.03436e+10
21.1 ; 8.3754e+06 ; -1.11218e+10
21.15 ; 8.68185e+06 ; -1.19585e+10
21.2 ; 9.00576e+06 ; -1.28582e+10
21.25 ; 9.33556e+06 ; -1.38256e+10
21.3 ; 9.68438e+06 ; -1.48658e+10
21.35 ; 1.00397e+07 ; -1.59843e+10
21.4 ; 1.04145e+07 ; -1.7187e+10
21.45 ; 1.07965e+07 ; -1.84801e+10
21.5 ; 1.12001e+07 ; -1.98706e+10
21.55 ; 1.16121e+07 ; -2.13657e+10
21.6 ; 1.20452e+07 ; -2.29733e+10
21.65 ; 1.24894e+07 ; -2.47019e+10
21.7 ; 1.29553e+07 ; -2.65606e+10
21.75 ; 1.34322e+07 ; -2.85592e+10
21.8 ; 1.39346e+07 ; -3.07082e+10
21.85 ; 1.44488e+07 ; -3.30189e+10
21.9 ; 1.49891e+07 ; -3.55035e+10
21.95 ; 1.55431e+07 ; -3.81751e+10
22 ; 1.61244e+07 ; -4.10477e+10
22.05 ; 1.6718e+07 ; -4.41365e+10
22.1 ; 1.7343e+07 ; -4.74578e+10
22.15 ; 1.79829e+07 ; -5.10291e+10
22.2 ; 1.86589e+07 ; -5.48691e+10
22.25 ; 1.93459e+07 ; -5.89981e+10
22.3 ; 2.00714e+07 ; -6.34379e+10
22.35 ; 2.08104e+07 ; -6.82117e+10
22.4 ; 2.159e+07 ; -7.33449e+10
22.45 ; 2.23978e+07 ; -7.88644e+10
22.5 ; 2.32237e+07 ; -8.47993e+10
22.55 ; 2.40934e+07 ; -9.11809e+10
22.6 ; 2.49868e+07 ; -9.80427e+10
22.65 ; 2.59215e+07 ; -1.05421e+11
22.7 ; 2.68811e+07 ; -1.13355e+11
22.75 ; 2.78856e+07 ; -1.21885e+11
22.8 ; 2.89195e+07 ; -1.31058e+11
22.85 ; 3.00033e+07 ; -1.40921e+11
22.9 ; 3.11158e+07 ; -1.51526e+11
22.95 ; 3.22796e+07 ; -1.6293e+11
23 ; 3.34852e+07 ; -1.75192e+11
23.05 ; 3.47151e+07 ; -1.88376e+11
23.1 ; 3.60073e+07 ; -2.02553e+11
23.15 ; 3.73402e+07 ; -2.17797e+11
23.2 ; 3.87359e+07 ; -2.34188e+11
23.25 ; 4.01717e+07 ; -2.51812e+11
23.3 ; 4.16742e+07 ; -2.70763e+11
23.35 ; 4.32179e+07 ; -2.91141e+11
23.4 ; 4.48342e+07 ; -3.13052e+11
23.45 ; 4.64947e+07 ; -3.36612e+11
23.5 ; 4.82364e+07 ; -3.61945e+11
23.55 ; 5.00219e+07 ; -3.89185e+11
23.6 ; 5.19051e+07 ; -4.18476e+11
23.65 ; 5.38238e+07 ; -4.4997e+11
23.7 ; 5.58388e+07 ; -4.83835e+11
23.75 ; 5.79055e+07 ; -5.20249e+11
23.8 ; 6.00784e+07 ; -5.59403e+11
23.85 ; 6.23007e+07 ; -6.01504e+11
23.9 ; 6.46705e+07 ; -6.46775e+11
23.95 ; 6.7083e+07 ; -6.95453e+11
24 ; 6.96215e+07 ; -7.47795e+11
24.05 ; 7.21955e+07 ; -8.04076e+11
24.1 ; 7.48964e+07 ; -8.64594e+11
24.15 ; 7.76809e+07 ; -9.29666e+11
24.2 ; 8.05882e+07 ; -9.99636e+11
24.25 ; 8.36438e+07 ; -1.07487e+12
24.3 ; 8.67004e+07 ; -1.15577e+12
24.35 ; 8.99967e+07 ; -1.24276e+12
24.4 ; 9.32762e+07 ; -1.33629e+12
24.45 ; 9.67259e+07 ; -1.43687e+12
24.5 ; 1.00316e+08 ; -1.54501e+12
24.55 ; 1.03965e+08 ; -1.66129e+12
24.6 ; 1.07942e+08 ; -1.78633e+12
24.65 ; 1.1186e+08 ; -1.92077e+12
24.7 ; 1.16157e+08 ; -2.06534e+12
24.75 ; 1.20392e+08 ; -2.22078e+12
24.8 ; 1.24983e+08 ; -2.38793e+12
24.85 ; 1.29552e+08 ; -2.56765e+12
24.9 ; 1.34463e+08 ; -2.76091e+12
24.95 ; 1.39431e+08 ; -2.96871e+12
25 ; 1.44692e+08 ; -3.19215e+12
25.05 ; 1.50004e+08 ; -3.4324e+12
25.1 ; 1.55632e+08 ; -3.69074e+12
25.15 ; 1.61342e+08 ; -3.96852e+12
25.2 ; 1.67522e+08 ; -4.26722e+12
25.25 ; 1.73584e+08 ; -4.58839e+12
25.3 ; 1.80117e+08 ; -4.93373e+12
25.35 ; 1.86929e+08 ; -5.30507e+12
25.4 ; 1.93815e+08 ; -5.70437e+12
25.45 ; 2.01155e+08 ; -6.13371e+12
25.5 ; 2.08527e+08 ; -6.59537e+12
25.55 ; 2.1647e+08 ; -7.09177e+12
25.6 ; 2.2447e+08 ; -7.62556e+12
25.65 ; 2.32901e+08 ; -8.19951e+12
25.7 ; 2.41521e+08 ; -8.81667e+12
25.75 ; 2.50619e+08 ; -9.48028e+12
25.8 ; 2.59893e+08 ; -1.01938e+13
25.85 ; 2.69664e+08 ; -1.09611e+13
25.9 ; 2.79613e+08 ; -1.17861e+13
25.95 ; 2.90141e+08 ; -1.26732e+13
26 ; 3.00834e+08 ; -1.36271e+13
26.05 ; 3.12158e+08 ; -1.46528e+13
26.1 ; 3.23657e+08 ; -1.57557e+13
26.15 ; 3.3586e+08 ; -1.69416e+13
26.2 ; 3.48218e+08 ; -1.82167e+13
26.25 ; 3.61363e+08 ; -1.95879e+13
26.3 ; 3.74646e+08 ; -2.10622e+13
26.35 ; 3.88811e+08 ; -2.26475e+13
26.4 ; 4.03081e+08 ; -2.43522e+13
26.45 ; 4.18344e+08 ; -2.61851e+13
26.5 ; 4.33673e+08 ; -2.8156e+13
26.55 ; 4.50115e+08 ; -3.02752e+13
26.6 ; 4.66577e+08 ; -3.2554e+13
26.65 ; 4.84322e+08 ; -3.50043e+13
26.7 ; 5.01978e+08 ; -3.7639e+13
26.75 ; 5.21075e+08 ; -4.0472e+13
26.8 ; 5.40048e+08 ; -4.35182e+13
26.85 ; 5.60593e+08 ; -4.67938e+13
26.9 ; 5.81001e+08 ; -5.03159e+13
26.95 ; 6.03171e+08 ; -5.4103e+13
27 ; 6.25115e+08 ; -5.81753e+13
27.05 ; 6.48934e+08 ; -6.2554e+13
27.1 ; 6.72551e+08 ; -6.72623e+13
27.15 ; 6.98166e+08 ; -7.2325e+13
27.2 ; 7.23568e+08 ; -7.77688e+13
27.25 ; 7.51157e+08 ; -8.36223e+13
27.3 ; 7.78465e+08 ; -8.99164e+13
27.35 ; 8.08167e+08 ; -9.66842e+13
27.4 ; 8.37524e+08 ; -1.03961e+14
27.45 ; 8.69499e+08 ; -1.11786e+14
27.5 ; 9.01066e+08 ; -1.202e+14
27.55 ; 9.35475e+08 ; -1.29248e+14
27.6 ; 9.69428e+08 ; -1.38976e+14
27.65 ; 1.00646e+09 ; -1.49436e+14
27.7 ; 1.04297e+09 ; -1.60684e+14
27.75 ; 1.08282e+09 ; -1.72778e+14
27.8 ; 1.12209e+09 ; -1.85783e+14
27.85 ; 1.16498e+09 ; -1.99767e+14
27.9 ; 1.20722e+09 ; -2.14803e+14
27.95 ; 1.25335e+09 ; -2.3097e+14
28 ; 1.29877e+09 ; -2.48355e+14
28.05 ; 1.34845e+09 ; -2.67048e+14
28.1 ; 1.39729e+09 ; -2.87148e+14
28.15 ; 1.45071e+09 ; -3.08761e+14
28.2 ; 1.50326e+09 ; -3.32001e+14
28.25 ; 1.56076e+09 ; -3.5699e+14
28.3 ; 1.61726e+09 ; -3.8386e+14
28.35 ; 1.67913e+09 ; -4.12753e+14
28.4 ; 1.73996e+09 ; -4.4382e+14
28.45 ; 1.80641e+09 ; -4.77225e+14
28.5 ; 1.87187e+09 ; -5.13145e+14
28.55 ; 1.94347e+09 ; -5.51768e+14
28.6 ; 2.01379e+09 ; -5.93298e+14
28.65 ; 2.09091e+09 ; -6.37955e+14
28.7 ; 2.16647e+09 ; -6.85972e+14
28.75 ; 2.24938e+09 ; -7.37604e+14
28.8 ; 2.33075e+09 ; -7.93121e+14
28.85 ; 2.42003e+09 ; -8.52818e+14
28.9 ; 2.50748e+09 ; -9.17007e+14
28.95 ; 2.60363e+09 ; -9.86028e+14
29 ; 2.69753e+09 ; -1.06024e+15
29.05 ; 2.80116e+09 ; -1.14005e+15
29.1 ; 2.90199e+09 ; -1.22585e+15
29.15 ; 3.01371e+09 ; -1.31812e+15
29.2 ; 3.12193e+09 ; -1.41733e+15
29.25 ; 3.24235e+09 ; -1.52401e+15
29.3 ; 3.35871e+09 ; -1.63872e+15
29.35 ; 3.48805e+09 ; -1.76207e+15
29.4 ; 3.61317e+09 ; -1.89469e+15
29.45 ; 3.75282e+09 ; -2.0373e+15
29.5 ; 3.88697e+09 ; -2.19064e+15
29.55 ; 4.0376e+09 ; -2.35553e+15
29.6 ; 4.18149e+09 ; -2.53282e+15
29.65 ; 4.34405e+09 ; -2.72346e+15
29.7 ; 4.49836e+09 ; -2.92845e+15
29.75 ; 4.67378e+09 ; -3.14886e+15
29.8 ; 4.83942e+09 ; -3.38587e+15
29.85 ; 5.02868e+09 ; -3.64072e+15
29.9 ; 5.20726e+09 ; -3.91474e+15
29.95 ; 5.40967e+09 ; -4.2094e+15
30 ; 5.60049e+09 ; -4.52623e+15
30.05 ; 5.82043e+09 ; -4.86691e+15
30.1 ; 6.02489e+09 ; -5.23323e+15
30.15 ; 6.26271e+09 ; -5.62712e+15
30.2 ; 6.48088e+09 ; -6.05066e+15
30.25 ; 6.73814e+09 ; -6.50608e+15
30.3 ; 6.97226e+09 ; -6.99577e+15
30.35 ; 7.24206e+09 ; -7.52233e+15
30.4 ; 7.49952e+09 ; -8.08851e+15
30.45 ; 7.79004e+09 ; -8.69731e+15
30.5 ; 8.06759e+09 ; -9.35193e+15
30.55 ; 8.37994e+09 ; -1.00558e+16
30.6 ; 8.681e+09 ; -1.08127e+16
30.65 ; 9.01687e+09 ; -1.16266e+16
30.7 ; 9.3415e+09 ; -1.25017e+16
30.75 ; 9.70091e+09 ; -1.34426e+16
30.8 ; 1.00494e+10 ; -1.44544e+16
30.85 ; 1.04377e+10 ; -1.55424e+16
30.9 ; 1.08101e+10 ; -1.67122e+16
30.95 ; 1.12294e+10 ; -1.79701e+16
31 ; 1.16296e+10 ; -1.93227e+16
31.05 ; 1.20812e+10 ; -2.0777e+16
31.1 ; 1.2511e+10 ; -2.23409e+16
31.15 ; 1.29999e+10 ; -2.40224e+16
31.2 ; 1.34795e+10 ; -2.58306e+16
31.25 ; 1.39904e+10 ; -2.77748e+16
31.3 ; 1.45006e+10 ; -2.98654e+16
31.35 ; 1.50535e+10 ; -3.21133e+16
31.4 ; 1.55991e+10 ; -3.45304e+16
31.45 ; 1.61968e+10 ; -3.71295e+16
31.5 ; 1.67848e+10 ; -3.99242e+16
31.55 ; 1.7429e+10 ; -4.29293e+16
31.6 ; 1.80591e+10 ; -4.61605e+16
31.65 ; 1.87506e+10 ; -4.9635e+16
31.7 ; 1.94287e+10 ; -5.33709e+16
31.75 ; 2.01728e+10 ; -5.73881e+16
31.8 ; 2.09046e+10 ; -6.17076e+16
31.85 ; 2.17011e+10 ; -6.63523e+16
31.9 ; 2.24907e+10 ; -7.13465e+16
31.95 ; 2.33467e+10 ; -7.67168e+16
32 ; 2.42006e+10 ; -8.24911e+16
32.05 ; 2.51139e+10 ; -8.87002e+16
32.1 ; 2.60353e+10 ; -9.53765e+16
32.15 ; 2.70165e+10 ; -1.02555e+17
32.2 ; 2.80133e+10 ; -1.10275e+17
32.25 ; 2.9064e+10 ; -1.18575e+17
32.3 ; 3.01381e+10 ; -1.275e+17
32.35 ; 3.12653e+10 ; -1.37097e+17
32.4 ; 3.24221e+10 ; -1.47416e+17
32.45 ; 3.36342e+10 ; -1.58512e+17
32.5 ; 3.48789e+10 ; -1.70443e+17
32.55 ; 3.61824e+10 ; -1.83272e+17
32.6 ; 3.75241e+10 ; -1.97066e+17
32.65 ; 3.89227e+10 ; -2.11899e+17
32.7 ; 4.0367e+10 ; -2.27849e+17
32.75 ; 4.18713e+10 ; -2.44999e+17
32.8 ; 4.34281e+10 ; -2.63439e+17
32.85 ; 4.50426e+10 ; -2.83268e+17
32.9 ; 4.67199e+10 ; -3.04589e+17
32.95 ; 4.84546e+10 ; -3.27516e+17
33 ; 5.026e+10 ; -3.52167e+17
33.05 ; 5.21246e+10 ; -3.78675e+17
33.1 ; 5.40691e+10 ; -4.07177e+17
33.15 ; 5.60731e+10 ; -4.37825e+17
33.2 ; 5.81639e+10 ; -4.70779e+17
33.25 ; 6.03256e+10 ; -5.06214e+17
33.3 ; 6.25723e+10 ; -5.44316e+17
33.35 ; 6.4895e+10 ; -5.85287e+17
33.4 ; 6.73181e+10 ; -6.2934e+17
33.45 ; 6.9809e+10 ; -6.7671e+17
33.5 ; 7.242e+10 ; -7.27645e+17
33.55 ; 7.50977e+10 ; -7.82414e+17
33.6 ; 7.78996e+10 ; -8.41305e+17
33.65 ; 8.07877e+10 ; -9.0463e+17
33.7 ; 8.38048e+10 ; -9.7272e+17
33.75 ; 8.69009e+10 ; -1.04594e+18
33.8 ; 9.0145e+10 ; -1.12466e+18
33.85 ; 9.34839e+10 ; -1.20931e+18
33.9 ; 9.69774e+10 ; -1.30034e+18
33.95 ; 1.00566e+11 ; -1.39821e+18
34 ; 1.04325e+11 ; -1.50345e+18
34.05 ; 1.08181e+11 ; -1.61662e+18
34.1 ; 1.12229e+11 ; -1.7383e+18
34.15 ; 1.16377e+11 ; -1.86914e+18
34.2 ; 1.20729e+11 ; -2.00982e+18
34.25 ; 1.25187e+11 ; -2.1611e+18
34.3 ; 1.29874e+11 ; -2.32377e+18
34.35 ; 1.34666e+11 ; -2.49867e+18
34.4 ; 1.397e+11 ; -2.68674e+18
34.45 ; 1.44861e+11 ; -2.88897e+18
34.5 ; 1.50278e+11 ; -3.10642e+18
34.55 ; 1.55836e+11 ; -3.34024e+18
34.6 ; 1.61661e+11 ; -3.59165e+18
34.65 ; 1.67641e+11 ; -3.86199e+18
34.7 ; 1.73908e+11 ; -4.15268e+18
34.75 ; 1.80342e+11 ; -4.46525e+18
34.8 ; 1.87075e+11 ; -4.80134e+18
34.85 ; 1.94003e+11 ; -5.16273e+18
34.9 ; 2.0125e+11 ; -5.55132e+18
34.95 ; 2.08737e+11 ; -5.96917e+18
35 ; 2.16494e+11 ; -6.41846e+18
35.05 ; 2.24507e+11 ; -6.90157e+18
35.1 ; 2.32867e+11 ; -7.42104e+18
35.15 ; 2.41512e+11 ; -7.97962e+18
35.2 ; 2.50508e+11 ; -8.58023e+18
35.25 ; 2.59808e+11 ; -9.22605e+18
35.3 ; 2.69471e+11 ; -9.92048e+18
35.35 ; 2.79462e+11 ; -1.06672e+19
35.4 ; 2.89884e+11 ; -1.14701e+19
35.45 ; 3.00629e+11 ; -1.23334e+19
35.5 ; 3.11843e+11 ; -1.32618e+19
35.55 ; 3.23484e+11 ; -1.426e+19
35.6 ; 3.35444e+11 ; -1.53333e+19
35.65 ; 3.4809e+11 ; -1.64874e+19
35.7 ; 3.60818e+11 ; -1.77284e+19
35.75 ; 3.74511e+11 ; -1.90628e+19
35.8 ; 3.88125e+11 ; -2.04976e+19
35.85 ; 4.02855e+11 ; -2.20404e+19
35.9 ; 4.17507e+11 ; -2.36994e+19
35.95 ; 4.33268e+11 ; -2.54832e+19
36 ; 4.4905e+11 ; -2.74013e+19
36.05 ; 4.66176e+11 ; -2.94638e+19
36.1 ; 4.83067e+11 ; -3.16814e+19
36.15 ; 5.01303e+11 ; -3.40661e+19
36.2 ; 5.19631e+11 ; -3.66302e+19
36.25 ; 5.39203e+11 ; -3.93873e+19
36.3 ; 5.58958e+11 ; -4.23519e+19
36.35 ; 5.80121e+11 ; -4.55397e+19
36.4 ; 6.01267e+11 ; -4.89674e+19
36.45 ; 6.24207e+11 ; -5.26531e+19
36.5 ; 6.4678e+11 ; -5.66162e+19
36.55 ; 6.71527e+11 ; -6.08777e+19
36.6 ; 6.95731e+11 ; -6.54598e+19
36.65 ; 7.22391e+11 ; -7.03869e+19
36.7 ; 7.48389e+11 ; -7.56848e+19
36.75 ; 7.76925e+11 ; -8.13816e+19
36.8 ; 8.05028e+11 ; -8.7507e+19
36.85 ; 8.36094e+11 ; -9.40936e+19
36.9 ; 8.65952e+11 ; -1.01176e+20
36.95 ; 8.99425e+11 ; -1.08791e+20
37 ; 9.31476e+11 ; -1.1698e+20
37.05 ; 9.67151e+11 ; -1.25785e+20
37.1 ; 1.00195e+12 ; -1.35252e+20
37.15 ; 1.04017e+12 ; -1.45433e+20
37.2 ; 1.07774e+12 ; -1.56379e+20
37.25 ; 1.11874e+12 ; -1.6815e+20
37.3 ; 1.15929e+12 ; -1.80806e+20
37.35 ; 1.20341e+12 ; -1.94415e+20
37.4 ; 1.247e+12 ; -2.09048e+20
37.45 ; 1.29416e+12 ; -2.24783e+20
37.5 ; 1.34133e+12 ; -2.41702e+20
37.55 ; 1.39174e+12 ; -2.59895e+20
37.6 ; 1.44287e+12 ; -2.79456e+20
37.65 ; 1.49775e+12 ; -3.00491e+20
37.7 ; 1.55208e+12 ; -3.23108e+20
37.75 ; 1.61083e+12 ; -3.47428e+20
37.8 ; 1.66948e+12 ; -3.73579e+20
37.85 ; 1.73223e+12 ; -4.01697e+20
37.9 ; 1.79585e+12 ; -4.31932e+20
37.95 ; 1.86352e+12 ; -4.64444e+20
38 ; 1.93142e+12 ; -4.99401e+20
38.05 ; 2.00483e+12 ; -5.36991e+20
38.1 ; 2.07765e+12 ; -5.77409e+20
38.15 ; 2.15622e+12 ; -6.2087e+20
38.2 ; 2.23483e+12 ; -6.67602e+20
38.25 ; 2.3193e+12 ; -7.17851e+20
38.3 ; 2.40396e+12 ; -7.71883e+20
38.35 ; 2.49467e+12 ; -8.29981e+20
38.4 ; 2.58592e+12 ; -8.92453e+20
38.45 ; 2.68343e+12 ; -9.59626e+20
38.5 ; 2.78158e+12 ; -1.03186e+21
38.55 ; 2.8876e+12 ; -1.10952e+21
38.6 ; 2.99214e+12 ; -1.19303e+21
38.65 ; 3.10643e+12 ; -1.28283e+21
38.7 ; 3.21868e+12 ; -1.37939e+21
38.75 ; 3.34176e+12 ; -1.48321e+21
38.8 ; 3.46384e+12 ; -1.59485e+21
38.85 ; 3.59525e+12 ; -1.7149e+21
38.9 ; 3.72584e+12 ; -1.84398e+21
38.95 ; 3.86739e+12 ; -1.98277e+21
39 ; 4.00761e+12 ; -2.13201e+21
39.05 ; 4.16021e+12 ; -2.29248e+21
39.1 ; 4.31094e+12 ; -2.46504e+21
39.15 ; 4.47512e+12 ; -2.65058e+21
39.2 ; 4.63719e+12 ; -2.85008e+21
39.25 ; 4.81392e+12 ; -3.06461e+21
39.3 ; 4.98786e+12 ; -3.29527e+21
39.35 ; 5.17828e+12 ; -3.54331e+21
39.4 ; 5.3652e+12 ; -3.81001e+21
39.45 ; 5.57028e+12 ; -4.09678e+21
39.5 ; 5.77116e+12 ; -4.40514e+21
39.55 ; 5.99193e+12 ; -4.73671e+21
39.6 ; 6.20777e+12 ; -5.09324e+21
39.65 ; 6.4417e+12 ; -5.4766e+21
39.7 ; 6.67654e+12 ; -5.88882e+21
39.75 ; 6.92954e+12 ; -6.33206e+21
39.8 ; 7.18145e+12 ; -6.80866e+21
39.85 ; 7.45455e+12 ; -7.32114e+21
39.9 ; 7.72464e+12 ; -7.8722e+21
39.95 ; 8.01975e+12 ; -8.46473e+21
40 ; 8.30903e+12 ; -9.10186e+21
40.05 ; 8.62592e+12 ; -9.78694e+21
40.1 ; 8.93792e+12 ; -1.05236e+22
40.15 ; 9.27787e+12 ; -1.13157e+22
40.2 ; 9.61407e+12 ; -1.21674e+22
40.25 ; 9.98002e+12 ; -1.30832e+22
40.3 ; 1.03414e+13 ; -1.4068e+22
40.35 ; 1.07352e+13 ; -1.51269e+22
40.4 ; 1.11237e+13 ; -1.62655e+22
40.45 ; 1.15474e+13 ; -1.74897e+22
40.5 ; 1.19649e+13 ; -1.88062e+22
40.55 ; 1.24214e+13 ; -2.02217e+22
40.6 ; 1.28698e+13 ; -2.17437e+22
40.65 ; 1.33616e+13 ; -2.33804e+22
40.7 ; 1.38432e+13 ; -2.51402e+22
40.75 ; 1.43725e+13 ; -2.70324e+22
40.8 ; 1.48901e+13 ; -2.90671e+22
40.85 ; 1.54606e+13 ; -3.1255e+22
40.9 ; 1.60162e+13 ; -3.36075e+22
40.95 ; 1.66309e+13 ; -3.61371e+22
41 ; 1.72275e+13 ; -3.88571e+22
41.05 ; 1.78972e+13 ; -4.17818e+22
41.1 ; 1.85307e+13 ; -4.49267e+22
41.15 ; 1.92496e+13 ; -4.83083e+22
41.2 ; 1.99317e+13 ; -5.19444e+22
41.25 ; 2.07059e+13 ; -5.58542e+22
41.3 ; 2.14387e+13 ; -6.00582e+22
41.35 ; 2.22722e+13 ; -6.45787e+22
41.4 ; 2.30595e+13 ; -6.94395e+22
41.45 ; 2.39578e+13 ; -7.46661e+22
41.5 ; 2.48029e+13 ; -8.02862e+22
41.55 ; 2.57731e+13 ; -8.63292e+22
41.6 ; 2.66784e+13 ; -9.28271e+22
41.65 ; 2.77213e+13 ; -9.98141e+22
41.7 ; 2.86956e+13 ; -1.07327e+23
41.75 ; 2.98213e+13 ; -1.15405e+23
41.8 ; 3.08648e+13 ; -1.24092e+23
41.85 ; 3.20791e+13 ; -1.33432e+23
41.9 ; 3.32003e+13 ; -1.43475e+23
41.95 ; 3.45059e+13 ; -1.54274e+23
42 ; 3.57203e+13 ; -1.65886e+23
42.05 ; 3.71159e+13 ; -1.78373e+23
42.1 ; 3.84206e+13 ; -1.91798e+23
42.15 ; 3.991e+13 ; -2.06235e+23
42.2 ; 4.13345e+13 ; -2.21758e+23
42.25 ; 4.29236e+13 ; -2.38449e+23
42.3 ; 4.44613e+13 ; -2.56397e+23
42.35 ; 4.61706e+13 ; -2.75696e+23
42.4 ; 4.78238e+13 ; -2.96447e+23
42.45 ; 4.96629e+13 ; -3.1876e+23
42.5 ; 5.14408e+13 ; -3.42753e+23
42.55 ; 5.34237e+13 ; -3.68552e+23
42.6 ; 5.53311e+13 ; -3.96292e+23
42.65 ; 5.74644e+13 ; -4.26121e+23
42.7 ; 5.9516e+13 ; -4.58194e+23
42.75 ; 6.181e+13 ; -4.92682e+23
42.8 ; 6.40173e+13 ; -5.29766e+23
42.85 ; 6.64858e+13 ; -5.6964e+23
42.9 ; 6.88585e+13 ; -6.12517e+23
42.95 ; 7.15184e+13 ; -6.5862e+23
43 ; 7.40665e+13 ; -7.08193e+23
43.05 ; 7.69271e+13 ; -7.61498e+23
43.1 ; 7.96683e+13 ; -8.18815e+23
43.15 ; 8.27429e+13 ; -8.80447e+23
43.2 ; 8.56928e+13 ; -9.46717e+23
43.25 ; 8.90071e+13 ; -1.01798e+24
43.3 ; 9.2173e+13 ; -1.0946e+24
43.35 ; 9.57358e+13 ; -1.17699e+24
43.4 ; 9.91425e+13 ; -1.26558e+24
43.45 ; 1.0298e+14 ; -1.36083e+24
43.5 ; 1.06639e+14 ; -1.46326e+24
43.55 ; 1.10761e+14 ; -1.5734e+24
43.6 ; 1.14702e+14 ; -1.69183e+24
43.65 ; 1.19136e+14 ; -1.81917e+24
43.7 ; 1.23373e+14 ; -1.9561e+24
43.75 ; 1.28147e+14 ; -2.10333e+24
43.8 ; 1.32702e+14 ; -2.26165e+24
43.85 ; 1.37836e+14 ; -2.43188e+24
43.9 ; 1.42736e+14 ; -2.61492e+24
43.95 ; 1.4828e+14 ; -2.81174e+24
44 ; 1.5354e+14 ; -3.02338e+24
44.05 ; 1.59486e+14 ; -3.25095e+24
44.1 ; 1.65146e+14 ; -3.49564e+24
44.15 ; 1.71545e+14 ; -3.75875e+24
44.2 ; 1.77636e+14 ; -4.04167e+24
44.25 ; 1.84518e+14 ; -4.34588e+24
44.3 ; 1.91068e+14 ; -4.67299e+24
44.35 ; 1.98484e+14 ; -5.02472e+24
44.4 ; 2.05503e+14 ; -5.40293e+24
44.45 ; 2.13498e+14 ; -5.8096e+24
44.5 ; 2.21048e+14 ; -6.24688e+24
44.55 ; 2.2964e+14 ; -6.71708e+24
44.6 ; 2.37763e+14 ; -7.22266e+24
44.65 ; 2.47003e+14 ; -7.7663e+24
44.7 ; 2.55741e+14 ; -8.35087e+24
44.75 ; 2.65681e+14 ; -8.97942e+24
44.8 ; 2.75079e+14 ; -9.6553e+24
44.85 ; 2.85774e+14 ; -1.0382e+25
44.9 ; 2.95879e+14 ; -1.11635e+25
44.95 ; 3.07382e+14 ; -1.20037e+25
45 ; 3.18248e+14 ; -1.29073e+25
45.05 ; 3.30662e+14 ; -1.38788e+25
45.1 ; 3.42309e+14 ; -1.49234e+25
45.15 ; 3.55644e+14 ; -1.60467e+25
45.2 ; 3.68188e+14 ; -1.72545e+25
45.25 ; 3.82527e+14 ; -1.85532e+25
45.3 ; 3.96024e+14 ; -1.99497e+25
45.35 ; 4.11452e+14 ; -2.14513e+25
45.4 ; 4.25963e+14 ; -2.30659e+25
45.45 ; 4.42561e+14 ; -2.4802e+25
45.5 ; 4.58164e+14 ; -2.66688e+25
45.55 ; 4.76022e+14 ; -2.86762e+25
45.6 ; 4.92795e+14 ; -3.08346e+25
45.65 ; 5.12003e+14 ; -3.31555e+25
45.7 ; 5.30052e+14 ; -3.56511e+25
45.75 ; 5.50715e+14 ; -3.83345e+25
45.8 ; 5.7012e+14 ; -4.12199e+25
45.85 ; 5.92425e+14 ; -4.43224e+25
45.9 ; 6.13214e+14 ; -4.76585e+25
45.95 ; 6.37161e+14 ; -5.12457e+25
46 ; 6.59576e+14 ; -5.51029e+25
46.05 ; 6.85321e+14 ; -5.92504e+25
46.1 ; 7.09434e+14 ; -6.37102e+25
46.15 ; 7.37131e+14 ; -6.85055e+25
46.2 ; 7.6306e+14 ; -7.36619e+25
46.25 ; 7.92873e+14 ; -7.92063e+25
46.3 ; 8.20745e+14 ; -8.51681e+25
46.35 ; 8.52938e+14 ; -9.15786e+25
46.4 ; 8.82781e+14 ; -9.84716e+25
46.45 ; 9.17328e+14 ; -1.05883e+26
46.5 ; 9.49514e+14 ; -1.13853e+26
46.55 ; 9.86657e+14 ; -1.22423e+26
46.6 ; 1.02129e+15 ; -1.31637e+26
46.65 ; 1.06122e+15 ; -1.41546e+26
46.7 ; 1.09848e+15 ; -1.52199e+26
46.75 ; 1.14137e+15 ; -1.63655e+26
46.8 ; 1.18152e+15 ; -1.75973e+26
46.85 ; 1.22766e+15 ; -1.89219e+26
46.9 ; 1.27082e+15 ; -2.03461e+26
46.95 ; 1.32053e+15 ; -2.18775e+26
47 ; 1.36689e+15 ; -2.35242e+26
47.05 ; 1.42032e+15 ; -2.52949e+26
47.1 ; 1.47019e+15 ; -2.71988e+26
47.15 ; 1.52796e+15 ; -2.9246e+26
47.2 ; 1.58121e+15 ; -3.14473e+26
47.25 ; 1.64345e+15 ; -3.38143e+26
47.3 ; 1.70076e+15 ; -3.63595e+26
47.35 ; 1.76792e+15 ; -3.90962e+26
47.4 ; 1.82927e+15 ; -4.20389e+26
47.45 ; 1.90158e+15 ; -4.52031e+26
47.5 ; 1.96753e+15 ; -4.86055e+26
47.55 ; 2.04532e+15 ; -5.2264e+26
47.6 ; 2.11622e+15 ; -5.61979e+26
47.65 ; 2.1999e+15 ; -6.04278e+26
47.7 ; 2.27623e+15 ; -6.49761e+26
47.75 ; 2.36597e+15 ; -6.98668e+26
47.8 ; 2.44819e+15 ; -7.51256e+26
47.85 ; 2.54475e+15 ; -8.07802e+26
47.9 ; 2.63319e+15 ; -8.68604e+26
47.95 ; 2.73702e+15 ; -9.33983e+26
48 ; 2.83225e+15 ; -1.00428e+27
48.05 ; 2.94393e+15 ; -1.07987e+27
48.1 ; 3.04627e+15 ; -1.16115e+27
48.15 ; 3.16644e+15 ; -1.24855e+27
48.2 ; 3.27649e+15 ; -1.34253e+27
48.25 ; 3.40567e+15 ; -1.44358e+27
48.3 ; 3.52408e+15 ; -1.55224e+27
48.35 ; 3.66293e+15 ; -1.66907e+27
48.4 ; 3.79035e+15 ; -1.7947e+27
48.45 ; 3.93972e+15 ; -1.92979e+27
48.5 ; 4.07681e+15 ; -2.07504e+27
48.55 ; 4.23777e+15 ; -2.23123e+27
48.6 ; 4.385e+15 ; -2.39917e+27
48.65 ; 4.55788e+15 ; -2.57975e+27
48.7 ; 4.71633e+15 ; -2.77392e+27
48.75 ; 4.90224e+15 ; -2.98271e+27
48.8 ; 5.0727e+15 ; -3.20722e+27
48.85 ; 5.27266e+15 ; -3.44862e+27
48.9 ; 5.45602e+15 ; -3.7082e+27
48.95 ; 5.67107e+15 ; -3.98731e+27
49 ; 5.86827e+15 ; -4.28743e+27
49.05 ; 6.0994e+15 ; -4.61014e+27
49.1 ; 6.31157e+15 ; -4.95713e+27
49.15 ; 6.56033e+15 ; -5.33025e+27
49.2 ; 6.78872e+15 ; -5.73145e+27
49.25 ; 7.05611e+15 ; -6.16285e+27
49.3 ; 7.30167e+15 ; -6.62672e+27
49.35 ; 7.58927e+15 ; -7.12551e+27
49.4 ; 7.85336e+15 ; -7.66184e+27
49.45 ; 8.16287e+15 ; -8.23853e+27
49.5 ; 8.44675e+15 ; -8.85864e+27
49.55 ; 8.77992e+15 ; -9.52542e+27
49.6 ; 9.08503e+15 ; -1.02424e+28
49.65 ; 9.44322e+15 ; -1.10133e+28
49.7 ; 9.77146e+15 ; -1.18423e+28
49.75 ; 1.01569e+16 ; -1.27336e+28
49.8 ; 1.05098e+16 ; -1.36921e+28
49.85 ; 1.09246e+16 ; -1.47227e+28
49.9 ; 1.13039e+16 ; -1.58308e+28
49.95 ; 1.17503e+16 ; -1.70224e+28
50 ; 1.21579e+16 ; -1.83036e+28
50.05 ; 1.26384e+16 ; -1.96813e+28
50.1 ; 1.30764e+16 ; -2.11627e+28
50.15 ; 1.35936e+16 ; -2.27556e+28
50.2 ; 1.40641e+16 ; -2.44684e+28
50.25 ; 1.46203e+16 ; -2.63101e+28
50.3 ; 1.51269e+16 ; -2.82904e+28
50.35 ; 1.57252e+16 ; -3.04198e+28
50.4 ; 1.62698e+16 ; -3.27095e+28
50.45 ; 1.69137e+16 ; -3.51715e+28
50.5 ; 1.74991e+16 ; -3.78188e+28
50.55 ; 1.81919e+16 ; -4.06653e+28
50.6 ; 1.88212e+16 ; -4.37262e+28
50.65 ; 1.95667e+16 ; -4.70174e+28
50.7 ; 2.02437e+16 ; -5.05563e+28
50.75 ; 2.10456e+16 ; -5.43616e+28
50.8 ; 2.17728e+16 ; -5.84534e+28
50.85 ; 2.26362e+16 ; -6.28531e+28
50.9 ; 2.34173e+16 ; -6.75839e+28
50.95 ; 2.43468e+16 ; -7.26709e+28
51 ; 2.51868e+16 ; -7.81407e+28
51.05 ; 2.61867e+16 ; -8.40223e+28
51.1 ; 2.70898e+16 ; -9.03465e+28
51.15 ; 2.81644e+16 ; -9.71468e+28
51.2 ; 2.91369e+16 ; -1.04459e+29
51.25 ; 3.02927e+16 ; -1.12321e+29
51.3 ; 3.13374e+16 ; -1.20776e+29
51.35 ; 3.25819e+16 ; -1.29866e+29
51.4 ; 3.37053e+16 ; -1.39641e+29
51.45 ; 3.50442e+16 ; -1.50152e+29
51.5 ; 3.62512e+16 ; -1.61454e+29
51.55 ; 3.76925e+16 ; -1.73606e+29
51.6 ; 3.89902e+16 ; -1.86673e+29
51.65 ; 4.05409e+16 ; -2.00724e+29
51.7 ; 4.19355e+16 ; -2.15832e+29
51.75 ; 4.36046e+16 ; -2.32077e+29
51.8 ; 4.51034e+16 ; -2.49545e+29
51.85 ; 4.68995e+16 ; -2.68328e+29
51.9 ; 4.85119e+16 ; -2.88525e+29
51.95 ; 5.04439e+16 ; -3.10242e+29
52 ; 5.21762e+16 ; -3.33594e+29
52.05 ; 5.42561e+16 ; -3.58703e+29
52.1 ; 5.61162e+16 ; -3.85702e+29
52.15 ; 5.83556e+16 ; -4.14733e+29
52.2 ; 6.0356e+16 ; -4.4595e+29
52.25 ; 6.27653e+16 ; -4.79516e+29
52.3 ; 6.49161e+16 ; -5.15608e+29
52.35 ; 6.7504e+16 ; -5.54417e+29
52.4 ; 6.98213e+16 ; -5.96148e+29
52.45 ; 7.26041e+16 ; -6.41019e+29
52.5 ; 7.50937e+16 ; -6.89268e+29
52.55 ; 7.80905e+16 ; -7.41148e+29
52.6 ; 8.0767e+16 ; -7.96933e+29
52.65 ; 8.39913e+16 ; -8.56917e+29
52.7 ; 8.6867e+16 ; -9.21416e+29
52.75 ; 9.03382e+16 ; -9.9077e+29
52.8 ; 9.3429e+16 ; -1.06534e+30
52.85 ; 9.71643e+16 ; -1.14553e+30
52.9 ; 1.00486e+17 ; -1.23175e+30
52.95 ; 1.04506e+17 ; -1.32447e+30
53 ; 1.08077e+17 ; -1.42416e+30
53.05 ; 1.12403e+17 ; -1.53135e+30
53.1 ; 1.16243e+17 ; -1.64661e+30
53.15 ; 1.20901e+17 ; -1.77055e+30
53.2 ; 1.25029e+17 ; -1.90382e+30
53.25 ; 1.30037e+17 ; -2.04712e+30
53.3 ; 1.34474e+17 ; -2.2012e+30
53.35 ; 1.39862e+17 ; -2.36688e+30
53.4 ; 1.44634e+17 ; -2.54504e+30
53.45 ; 1.50433e+17 ; -2.7366e+30
53.5 ; 1.55559e+17 ; -2.94258e+30
53.55 ; 1.61835e+17 ; -3.16406e+30
53.6 ; 1.67302e+17 ; -3.40222e+30
53.65 ; 1.74061e+17 ; -3.6583e+30
53.7 ; 1.79934e+17 ; -3.93365e+30
53.75 ; 1.87213e+17 ; -4.22973e+30
53.8 ; 1.93527e+17 ; -4.5481e+30
53.85 ; 2.01359e+17 ; -4.89043e+30
53.9 ; 2.08147e+17 ; -5.25853e+30
53.95 ; 2.16578e+17 ; -5.65433e+30
54 ; 2.23869e+17 ; -6.07992e+30
54.05 ; 2.32944e+17 ; -6.53755e+30
54.1 ; 2.4078e+17 ; -7.02962e+30
54.15 ; 2.50548e+17 ; -7.55874e+30
54.2 ; 2.58972e+17 ; -8.12767e+30
54.25 ; 2.69479e+17 ; -8.73943e+30
54.3 ; 2.78514e+17 ; -9.39724e+30
54.35 ; 2.89843e+17 ; -1.01046e+31
54.4 ; 2.9957e+17 ; -1.08651e+31
54.45 ; 3.11765e+17 ; -1.16829e+31
54.5 ; 3.22194e+17 ; -1.25623e+31
54.55 ; 3.35338e+17 ; -1.35078e+31
54.6 ; 3.46514e+17 ; -1.45245e+31
54.65 ; 3.60658e+17 ; -1.56178e+31
54.7 ; 3.72684e+17 ; -1.67933e+31
54.75 ; 3.87906e+17 ; -1.80573e+31
54.8 ; 4.00842e+17 ; -1.94165e+31
54.85 ; 4.17205e+17 ; -2.08779e+31
54.9 ; 4.31113e+17 ; -2.24494e+31
54.95 ; 4.48729e+17 ; -2.41391e+31
55 ; 4.6367e+17 ; -2.5956e+31
55.05 ; 4.82634e+17 ; -2.79097e+31
55.1 ; 4.98687e+17 ; -3.00104e+31
55.15 ; 5.19096e+17 ; -3.22693e+31
55.2 ; 5.36348e+17 ; -3.46982e+31
55.25 ; 5.58321e+17 ; -3.73098e+31
55.3 ; 5.76865e+17 ; -4.01181e+31
55.35 ; 6.00513e+17 ; -4.31378e+31
55.4 ; 6.20443e+17 ; -4.63847e+31
55.45 ; 6.45895e+17 ; -4.9876e+31
55.5 ; 6.67312e+17 ; -5.36301e+31
55.55 ; 6.94705e+17 ; -5.76668e+31
55.6 ; 7.17717e+17 ; -6.20073e+31
55.65 ; 7.47203e+17 ; -6.66745e+31
55.7 ; 7.71925e+17 ; -7.1693e+31
55.75 ; 8.03667e+17 ; -7.70892e+31
55.8 ; 8.30243e+17 ; -8.28916e+31
55.85 ; 8.6439e+17 ; -8.91308e+31
55.9 ; 8.92948e+17 ; -9.58395e+31
55.95 ; 9.29706e+17 ; -1.03053e+32
56 ; 9.60387e+17 ; -1.1081e+32
56.05 ; 9.99959e+17 ; -1.1915e+32
56.1 ; 1.03294e+18 ; -1.28119e+32
56.15 ; 1.07551e+18 ; -1.37762e+32
56.2 ; 1.11095e+18 ; -1.48131e+32
56.25 ; 1.15675e+18 ; -1.59281e+32
56.3 ; 1.19486e+18 ; -1.7127e+32
56.35 ; 1.24414e+18 ; -1.84161e+32
56.4 ; 1.28509e+18 ; -1.98023e+32
56.45 ; 1.33814e+18 ; -2.12927e+32
56.5 ; 1.38212e+18 ; -2.28954e+32
56.55 ; 1.43921e+18 ; -2.46187e+32
56.6 ; 1.48651e+18 ; -2.64718e+32
56.65 ; 1.54795e+18 ; -2.84642e+32
56.7 ; 1.59883e+18 ; -3.06067e+32
56.75 ; 1.66484e+18 ; -3.29104e+32
56.8 ; 1.71969e+18 ; -3.53876e+32
56.85 ; 1.79063e+18 ; -3.80511e+32
56.9 ; 1.84958e+18 ; -4.09152e+32
56.95 ; 1.92591e+18 ; -4.39948e+32
57 ; 1.98925e+18 ; -4.73063e+32
57.05 ; 2.07138e+18 ; -5.0867e+32
57.1 ; 2.1395e+18 ; -5.46956e+32
57.15 ; 2.22789e+18 ; -5.88125e+32
57.2 ; 2.30104e+18 ; -6.32393e+32
57.25 ; 2.39625e+18 ; -6.79992e+32
57.3 ; 2.47482e+18 ; -7.31174e+32
57.35 ; 2.57725e+18 ; -7.86208e+32
57.4 ; 2.66167e+18 ; -8.45385e+32
57.45 ; 2.77201e+18 ; -9.09016e+32
57.5 ; 2.86273e+18 ; -9.77437e+32
57.55 ; 2.98147e+18 ; -1.05101e+33
57.6 ; 3.07892e+18 ; -1.13012e+33
57.65 ; 3.20677e+18 ; -1.21518e+33
57.7 ; 3.31142e+18 ; -1.30664e+33
57.75 ; 3.44916e+18 ; -1.40499e+33
57.8 ; 3.56147e+18 ; -1.51074e+33
57.85 ; 3.70972e+18 ; -1.62445e+33
57.9 ; 3.8304e+18 ; -1.74673e+33
57.95 ; 3.98995e+18 ; -1.8782e+33
58 ; 4.11966e+18 ; -2.01957e+33
58.05 ; 4.29134e+18 ; -2.17158e+33
58.1 ; 4.43084e+18 ; -2.33503e+33
58.15 ; 4.61539e+18 ; -2.51079e+33
58.2 ; 4.76539e+18 ; -2.69977e+33
58.25 ; 4.96412e+18 ; -2.90298e+33
58.3 ; 5.12524e+18 ; -3.12148e+33
58.35 ; 5.33907e+18 ; -3.35643e+33
58.4 ; 5.51227e+18 ; -3.60906e+33
58.45 ; 5.74243e+18 ; -3.88071e+33
58.5 ; 5.92853e+18 ; -4.17281e+33
58.55 ; 6.1762e+18 ; -4.48689e+33
58.6 ; 6.37623e+18 ; -4.82461e+33
58.65 ; 6.64272e+18 ; -5.18776e+33
58.7 ; 6.85771e+18 ; -5.57823e+33
58.75 ; 7.14452e+18 ; -5.9981e+33
58.8 ; 7.37557e+18 ; -6.44957e+33
58.85 ; 7.68422e+18 ; -6.93502e+33
58.9 ; 7.93252e+18 ; -7.457e+33
58.95 ; 8.26469e+18 ; -8.01828e+33
59 ; 8.53154e+18 ; -8.62181e+33
59.05 ; 8.88897e+18 ; -9.27076e+33
59.1 ; 9.17577e+18 ; -9.96856e+33
59.15 ; 9.56043e+18 ; -1.07189e+34
59.2 ; 9.86865e+18 ; -1.15257e+34
59.25 ; 1.02827e+19 ; -1.23932e+34
59.3 ; 1.06139e+19 ; -1.3326e+34
59.35 ; 1.10594e+19 ; -1.4329e+34
59.4 ; 1.14153e+19 ; -1.54076e+34
59.45 ; 1.18948e+19 ; -1.65673e+34
59.5 ; 1.22772e+19 ; -1.78143e+34
59.55 ; 1.27933e+19 ; -1.91551e+34
59.6 ; 1.32043e+19 ; -2.05969e+34
59.65 ; 1.37592e+19 ; -2.21472e+34
59.7 ; 1.42014e+19 ; -2.38142e+34
59.75 ; 1.47977e+19 ; -2.56067e+34
59.8 ; 1.52736e+19 ; -2.7534e+34
59.85 ; 1.59155e+19 ; -2.96065e+34
59.9 ; 1.64269e+19 ; -3.18349e+34
59.95 ; 1.71178e+19 ; -3.42311e+34
60 ; 1.76673e+19 ; -3.68076e+34
60.05 ; 1.84106e+19 ; -3.95781e+34
60.1 ; 1.90013e+19 ; -4.25571e+34
60.15 ; 1.9801e+19 ; -4.57603e+34
60.2 ; 2.04361e+19 ; -4.92046e+34
60.25 ; 2.12966e+19 ; -5.29082e+34
60.3 ; 2.1979e+19 ; -5.68905e+34
60.35 ; 2.29052e+19 ; -6.11726e+34
60.4 ; 2.36386e+19 ; -6.57769e+34
60.45 ; 2.46352e+19 ; -7.07279e+34
60.5 ; 2.54232e+19 ; -7.60515e+34
60.55 ; 2.64957e+19 ; -8.17758e+34
60.6 ; 2.73428e+19 ; -8.79309e+34
60.65 ; 2.84966e+19 ; -9.45493e+34
60.7 ; 2.94073e+19 ; -1.01666e+35
60.75 ; 3.0649e+19 ; -1.09318e+35
60.8 ; 3.16279e+19 ; -1.17546e+35
60.85 ; 3.2964e+19 ; -1.26394e+35
60.9 ; 3.40158e+19 ; -1.35907e+35
60.95 ; 3.54536e+19 ; -1.46137e+35
61 ; 3.65843e+19 ; -1.57137e+35
61.05 ; 3.81315e+19 ; -1.68964e+35
61.1 ; 3.93462e+19 ; -1.81682e+35
61.15 ; 4.10109e+19 ; -1.95357e+35
61.2 ; 4.2317e+19 ; -2.10061e+35
61.25 ; 4.41084e+19 ; -2.25872e+35
61.3 ; 4.55118e+19 ; -2.42873e+35
61.35 ; 4.74391e+19 ; -2.61154e+35
61.4 ; 4.89481e+19 ; -2.8081e+35
61.45 ; 5.10224e+19 ; -3.01946e+35
61.5 ; 5.26441e+19 ; -3.24674e+35
61.55 ; 5.48765e+19 ; -3.49111e+35
61.6 ; 5.66184e+19 ; -3.75388e+35
61.65 ; 5.90207e+19 ; -4.03643e+35
61.7 ; 6.0893e+19 ; -4.34025e+35
61.75 ; 6.34779e+19 ; -4.66693e+35
61.8 ; 6.54901e+19 ; -5.01821e+35
61.85 ; 6.8272e+19 ; -5.39592e+35
61.9 ; 7.04347e+19 ; -5.80206e+35
61.95 ; 7.34275e+19 ; -6.23878e+35
62 ; 7.5752e+19 ; -6.70836e+35
62.05 ; 7.89723e+19 ; -7.21329e+35
62.1 ; 8.14709e+19 ; -7.75622e+35
62.15 ; 8.49345e+19 ; -8.34002e+35
62.2 ; 8.76215e+19 ; -8.96776e+35
62.25 ; 9.13477e+19 ; -9.64275e+35
62.3 ; 9.42367e+19 ; -1.03686e+36
62.35 ; 9.82451e+19 ; -1.1149e+36
62.4 ; 1.01353e+20 ; -1.19881e+36
62.45 ; 1.0566e+20 ; -1.28905e+36
62.5 ; 1.09003e+20 ; -1.38607e+36
62.55 ; 1.13638e+20 ; -1.4904e+36
62.6 ; 1.17233e+20 ; -1.60258e+36
62.65 ; 1.22217e+20 ; -1.7232e+36
62.7 ; 1.26081e+20 ; -1.85291e+36
62.75 ; 1.31447e+20 ; -1.99237e+36
62.8 ; 1.356e+20 ; -2.14234e+36
62.85 ; 1.41372e+20 ; -2.30359e+36
62.9 ; 1.45837e+20 ; -2.47697e+36
62.95 ; 1.52048e+20 ; -2.66341e+36
63 ; 1.56837e+20 ; -2.86388e+36
63.05 ; 1.63533e+20 ; -3.07944e+36
63.1 ; 1.68676e+20 ; -3.31123e+36
63.15 ; 1.7588e+20 ; -3.56046e+36
63.2 ; 1.81409e+20 ; -3.82845e+36
63.25 ; 1.89166e+20 ; -4.11661e+36
63.3 ; 1.95103e+20 ; -4.42646e+36
63.35 ; 2.03452e+20 ; -4.75964e+36
63.4 ; 2.09832e+20 ; -5.11789e+36
63.45 ; 2.18817e+20 ; -5.5031e+36
63.5 ; 2.25671e+20 ; -5.91731e+36
63.55 ; 2.35341e+20 ; -6.3627e+36
63.6 ; 2.42707e+20 ; -6.84161e+36
63.65 ; 2.53114e+20 ; -7.35657e+36
63.7 ; 2.61028e+20 ; -7.91029e+36
63.75 ; 2.72226e+20 ; -8.50569e+36
63.8 ; 2.80733e+20 ; -9.1459e+36
63.85 ; 2.92783e+20 ; -9.83429e+36
63.9 ; 3.01925e+20 ; -1.05745e+37
63.95 ; 3.14894e+20 ; -1.13704e+37
64 ; 3.24716e+20 ; -1.22263e+37
64.05 ; 3.38672e+20 ; -1.31465e+37
64.1 ; 3.49228e+20 ; -1.4136e+37
64.15 ; 3.64247e+20 ; -1.52e+37
64.2 ; 3.7559e+20 ; -1.63441e+37
64.25 ; 3.91752e+20 ; -1.75743e+37
64.3 ; 4.03942e+20 ; -1.88971e+37
64.35 ; 4.21331e+20 ; -2.03195e+37
64.4 ; 4.34433e+20 ; -2.18489e+37
64.45 ; 4.53146e+20 ; -2.34934e+37
64.5 ; 4.67227e+20 ; -2.52617e+37
64.55 ; 4.87364e+20 ; -2.71631e+37
64.6 ; 5.02494e+20 ; -2.92077e+37
64.65 ; 5.24166e+20 ; -3.14061e+37
64.7 ; 5.40432e+20 ; -3.377e+37
64.75 ; 5.63743e+20 ; -3.63118e+37
64.8 ; 5.81222e+20 ; -3.90449e+37
64.85 ; 6.06313e+20 ; -4.19838e+37
64.9 ; 6.25086e+20 ; -4.51438e+37
64.95 ; 6.52102e+20 ; -4.85418e+37
65 ; 6.72266e+20 ; -5.21954e+37
65.05 ; 7.01333e+20 ; -5.61241e+37
65.1 ; 7.2301e+20 ; -6.03485e+37
65.15 ; 7.54289e+20 ; -6.48908e+37
65.2 ; 7.77585e+20 ; -6.9775e+37
65.25 ; 8.11244e+20 ; -7.50269e+37
65.3 ; 8.36307e+20 ; -8.0674e+37
65.35 ; 8.72536e+20 ; -8.67463e+37
65.4 ; 8.99432e+20 ; -9.32755e+37
65.45 ; 9.384e+20 ; -1.00296e+38
65.5 ; 9.67328e+20 ; -1.07845e+38
65.55 ; 1.00927e+21 ; -1.15963e+38
65.6 ; 1.04035e+21 ; -1.24691e+38
65.65 ; 1.08547e+21 ; -1.34076e+38
65.7 ; 1.11888e+21 ; -1.44168e+38
65.75 ; 1.16745e+21 ; -1.55019e+38
65.8 ; 1.20333e+21 ; -1.66687e+38
65.85 ; 1.25558e+21 ; -1.79234e+38
65.9 ; 1.29416e+21 ; -1.92724e+38
65.95 ; 1.35038e+21 ; -2.07231e+38
66 ; 1.3918e+21 ; -2.22828e+38
66.05 ; 1.45235e+21 ; -2.396e+38
66.1 ; 1.49691e+21 ; -2.57635e+38
66.15 ; 1.56202e+21 ; -2.77026e+38
66.2 ; 1.60988e+21 ; -2.97878e+38
66.25 ; 1.67994e+21 ; -3.20299e+38
66.3 ; 1.73141e+21 ; -3.44407e+38
66.35 ; 1.80679e+21 ; -3.7033e+38
66.4 ; 1.86208e+21 ; -3.98204e+38
66.45 ; 1.94322e+21 ; -4.28176e+38
66.5 ; 2.00278e+21 ; -4.60405e+38
66.55 ; 2.08983e+21 ; -4.95059e+38
66.6 ; 2.15387e+21 ; -5.32321e+38
66.65 ; 2.24743e+21 ; -5.72388e+38
66.7 ; 2.31644e+21 ; -6.15471e+38
66.75 ; 2.41715e+21 ; -6.61796e+38
66.8 ; 2.4913e+21 ; -7.11609e+38
66.85 ; 2.59959e+21 ; -7.6517e+38
66.9 ; 2.67941e+21 ; -8.22764e+38
66.95 ; 2.79744e+21 ; -8.84692e+38
67 ; 2.88169e+21 ; -9.51281e+38
67.05 ; 3.00894e+21 ; -1.02288e+39
67.1 ; 3.09926e+21 ; -1.09987e+39
67.15 ; 3.23615e+21 ; -1.18266e+39
67.2 ; 3.33325e+21 ; -1.27168e+39
67.25 ; 3.48095e+21 ; -1.36739e+39
67.3 ; 3.58488e+21 ; -1.47032e+39
67.35 ; 3.74414e+21 ; -1.58098e+39
67.4 ; 3.8555e+21 ; -1.69998e+39
67.45 ; 4.02716e+21 ; -1.82794e+39
67.5 ; 4.14653e+21 ; -1.96552e+39
67.55 ; 4.3313e+21 ; -2.11347e+39
67.6 ; 4.45952e+21 ; -2.27254e+39
67.65 ; 4.65856e+21 ; -2.44359e+39
67.7 ; 4.79615e+21 ; -2.62752e+39
67.75 ; 5.01057e+21 ; -2.82529e+39
67.8 ; 5.15816e+21 ; -3.03795e+39
67.85 ; 5.3891e+21 ; -3.26661e+39
67.9 ; 5.54754e+21 ; -3.51248e+39
67.95 ; 5.79629e+21 ; -3.77686e+39
68 ; 5.96626e+21 ; -4.06114e+39
68.05 ; 6.23412e+21 ; -4.36681e+39
68.1 ; 6.4166e+21 ; -4.6955e+39
68.15 ; 6.70477e+21 ; -5.04892e+39
68.2 ; 6.90092e+21 ; -5.42894e+39
68.25 ; 7.21138e+21 ; -5.83757e+39
68.3 ; 7.42178e+21 ; -6.27696e+39
68.35 ; 7.75545e+21 ; -6.74941e+39
68.4 ; 7.98201e+21 ; -7.25743e+39
68.45 ; 8.34139e+21 ; -7.80369e+39
68.5 ; 8.58439e+21 ; -8.39106e+39
68.55 ; 8.97085e+21 ; -9.02264e+39
68.6 ; 9.23233e+21 ; -9.70176e+39
68.65 ; 9.64865e+21 ; -1.0432e+40
68.7 ; 9.92903e+21 ; -1.12172e+40
68.75 ; 1.03776e+22 ; -1.20615e+40
68.8 ; 1.06785e+22 ; -1.29694e+40
68.85 ; 1.11606e+22 ; -1.39455e+40
68.9 ; 1.14845e+22 ; -1.49952e+40
68.95 ; 1.20031e+22 ; -1.61239e+40
69 ; 1.23513e+22 ; -1.73375e+40
69.05 ; 1.29101e+22 ; -1.86424e+40
69.1 ; 1.32833e+22 ; -2.00456e+40
69.15 ; 1.3886e+22 ; -2.15544e+40
69.2 ; 1.4286e+22 ; -2.31768e+40
69.25 ; 1.49334e+22 ; -2.49213e+40
69.3 ; 1.53642e+22 ; -2.67971e+40
69.35 ; 1.60601e+22 ; -2.88141e+40
69.4 ; 1.65237e+22 ; -3.09829e+40
69.45 ; 1.72735e+22 ; -3.33149e+40
69.5 ; 1.77708e+22 ; -3.58224e+40
69.55 ; 1.85778e+22 ; -3.85187e+40
69.6 ; 1.91119e+22 ; -4.1418e+40
69.65 ; 1.99803e+22 ; -4.45355e+40
69.7 ; 2.05546e+22 ; -4.78876e+40
69.75 ; 2.14876e+22 ; -5.1492e+40
69.8 ; 2.21056e+22 ; -5.53677e+40
69.85 ; 2.31095e+22 ; -5.95352e+40
69.9 ; 2.37743e+22 ; -6.40163e+40
69.95 ; 2.48548e+22 ; -6.88347e+40
70 ; 2.55679e+22 ; -7.40158e+40
70.05 ; 2.67323e+22 ; -7.95868e+40
70.1 ; 2.74967e+22 ; -8.55772e+40
70.15 ; 2.87503e+22 ; -9.20185e+40
70.2 ; 2.95726e+22 ; -9.89445e+40
70.25 ; 3.0921e+22 ; -1.06392e+41
70.3 ; 3.18045e+22 ; -1.144e+41
70.35 ; 3.32559e+22 ; -1.23011e+41
70.4 ; 3.42043e+22 ; -1.32269e+41
70.45 ; 3.57667e+22 ; -1.42225e+41
70.5 ; 3.67856e+22 ; -1.5293e+41
70.55 ; 3.84678e+22 ; -1.64441e+41
70.6 ; 3.95623e+22 ; -1.76818e+41
70.65 ; 4.13717e+22 ; -1.90127e+41
70.7 ; 4.25489e+22 ; -2.04438e+41
70.75 ; 4.44964e+22 ; -2.19825e+41
70.8 ; 4.5761e+22 ; -2.36371e+41
70.85 ; 4.78573e+22 ; -2.54163e+41
70.9 ; 4.92143e+22 ; -2.73293e+41
70.95 ; 5.1471e+22 ; -2.93863e+41
71 ; 5.29285e+22 ; -3.15982e+41
71.05 ; 5.53563e+22 ; -3.39765e+41
71.1 ; 5.69246e+22 ; -3.65339e+41
71.15 ; 5.95367e+22 ; -3.92837e+41
71.2 ; 6.12206e+22 ; -4.22406e+41
71.25 ; 6.40309e+22 ; -4.54199e+41
71.3 ; 6.58386e+22 ; -4.88386e+41
71.35 ; 6.88645e+22 ; -5.25146e+41
71.4 ; 7.08053e+22 ; -5.64673e+41
71.45 ; 7.4066e+22 ; -6.07175e+41
71.5 ; 7.61485e+22 ; -6.52877e+41
71.55 ; 7.96569e+22 ; -7.02018e+41
71.6 ; 8.1892e+22 ; -7.54857e+41
71.65 ; 8.56696e+22 ; -8.11674e+41
71.7 ; 8.80732e+22 ; -8.72768e+41
71.75 ; 9.21373e+22 ; -9.38459e+41
71.8 ; 9.47247e+22 ; -1.0091e+42
71.85 ; 9.9091e+22 ; -1.08505e+42
71.9 ; 1.01876e+23 ; -1.16672e+42
71.95 ; 1.06571e+23 ; -1.25454e+42
72 ; 1.09564e+23 ; -1.34896e+42
72.05 ; 1.14618e+23 ; -1.4505e+42
72.1 ; 1.17836e+23 ; -1.55967e+42
72.15 ; 1.2327e+23 ; -1.67707e+42
72.2 ; 1.26732e+23 ; -1.8033e+42
72.25 ; 1.32572e+23 ; -1.93903e+42
72.3 ; 1.36289e+23 ; -2.08498e+42
72.35 ; 1.42582e+23 ; -2.24191e+42
72.4 ; 1.46573e+23 ; -2.41065e+42
72.45 ; 1.53349e+23 ; -2.5921e+42
72.5 ; 1.57633e+23 ; -2.7872e+42
72.55 ; 1.64926e+23 ; -2.99699e+42
72.6 ; 1.69532e+23 ; -3.22257e+42
72.65 ; 1.77372e+23 ; -3.46513e+42
72.7 ; 1.82318e+23 ; -3.72594e+42
72.75 ; 1.90776e+23 ; -4.00639e+42
72.8 ; 1.96079e+23 ; -4.30794e+42
72.85 ; 2.05181e+23 ; -4.63219e+42
72.9 ; 2.10875e+23 ; -4.98085e+42
72.95 ; 2.20673e+23 ; -5.35575e+42
73 ; 2.26779e+23 ; -5.75887e+42
73.05 ; 2.37334e+23 ; -6.19233e+42
73.1 ; 2.43901e+23 ; -6.65842e+42
73.15 ; 2.55254e+23 ; -7.15959e+42
73.2 ; 2.62311e+23 ; -7.69848e+42
73.25 ; 2.74528e+23 ; -8.27793e+42
73.3 ; 2.82105e+23 ; -8.90099e+42
73.35 ; 2.95268e+23 ; -9.57096e+42
73.4 ; 3.03396e+23 ; -1.02913e+43
73.45 ; 3.1755e+23 ; -1.1066e+43
73.5 ; 3.26247e+23 ; -1.18989e+43
73.55 ; 3.41529e+23 ; -1.27945e+43
73.6 ; 3.50876e+23 ; -1.37575e+43
73.65 ; 3.67315e+23 ; -1.4793e+43
73.7 ; 3.7737e+23 ; -1.59065e+43
73.75 ; 3.95048e+23 ; -1.71037e+43
73.8 ; 4.05859e+23 ; -1.83911e+43
73.85 ; 4.24867e+23 ; -1.97753e+43
73.9 ; 4.36487e+23 ; -2.12638e+43
73.95 ; 4.56938e+23 ; -2.28643e+43
74 ; 4.69428e+23 ; -2.45852e+43
74.05 ; 4.9144e+23 ; -2.64357e+43
74.1 ; 5.04859e+23 ; -2.84255e+43
74.15 ; 5.28545e+23 ; -3.0565e+43
74.2 ; 5.42961e+23 ; -3.28656e+43
74.25 ; 5.68448e+23 ; -3.53394e+43
74.3 ; 5.83936e+23 ; -3.79993e+43
74.35 ; 6.11362e+23 ; -4.08594e+43
74.4 ; 6.27999e+23 ; -4.39349e+43
74.45 ; 6.57513e+23 ; -4.72418e+43
74.5 ; 6.75386e+23 ; -5.07976e+43
74.55 ; 7.07153e+23 ; -5.4621e+43
74.6 ; 7.26354e+23 ; -5.87323e+43
74.65 ; 7.60538e+23 ; -6.31529e+43
74.7 ; 7.81165e+23 ; -6.79063e+43
74.75 ; 8.17953e+23 ; -7.30175e+43
74.8 ; 8.40111e+23 ; -7.85134e+43
74.85 ; 8.79702e+23 ; -8.4423e+43
74.9 ; 9.03507e+23 ; -9.07774e+43
74.95 ; 9.46112e+23 ; -9.761e+43
75 ; 9.7169e+23 ; -1.04957e+44
75.05 ; 1.01753e+24 ; -1.12857e+44
75.1 ; 1.04501e+24 ; -1.21351e+44
75.15 ; 1.09442e+24 ; -1.30485e+44
75.2 ; 1.12384e+24 ; -1.40307e+44
75.25 ; 1.177e+24 ; -1.50867e+44
75.3 ; 1.20859e+24 ; -1.62223e+44
75.35 ; 1.26591e+24 ; -1.74433e+44
75.4 ; 1.29979e+24 ; -1.87563e+44
75.45 ; 1.36148e+24 ; -2.0168e+44
75.5 ; 1.39786e+24 ; -2.1686e+44
75.55 ; 1.46427e+24 ; -2.33183e+44
75.6 ; 1.50335e+24 ; -2.50734e+44
75.65 ; 1.57481e+24 ; -2.69606e+44
75.7 ; 1.6168e+24 ; -2.89899e+44
75.75 ; 1.6937e+24 ; -3.11719e+44
75.8 ; 1.73882e+24 ; -3.35182e+44
75.85 ; 1.82155e+24 ; -3.60411e+44
75.9 ; 1.87003e+24 ; -3.87538e+44
75.95 ; 1.95908e+24 ; -4.16707e+44
76 ; 2.01117e+24 ; -4.48072e+44
76.05 ; 2.10695e+24 ; -4.81798e+44
76.1 ; 2.16289e+24 ; -5.18062e+44
76.15 ; 2.26602e+24 ; -5.57055e+44
76.2 ; 2.32615e+24 ; -5.98984e+44
76.25 ; 2.43706e+24 ; -6.44068e+44
76.3 ; 2.50159e+24 ; -6.92546e+44
76.35 ; 2.62104e+24 ; -7.44673e+44
76.4 ; 2.69035e+24 ; -8.00723e+44
76.45 ; 2.81891e+24 ; -8.60992e+44
76.5 ; 2.89332e+24 ; -9.25798e+44
76.55 ; 3.03169e+24 ; -9.95481e+44
76.6 ; 3.11161e+24 ; -1.07041e+45
76.65 ; 3.26055e+24 ; -1.15098e+45
76.7 ; 3.3464e+24 ; -1.23761e+45
76.75 ; 3.50668e+24 ; -1.33076e+45
76.8 ; 3.59891e+24 ; -1.43093e+45
76.85 ; 3.7714e+24 ; -1.53863e+45
76.9 ; 3.87027e+24 ; -1.65444e+45
76.95 ; 4.05607e+24 ; -1.77897e+45
77 ; 4.16234e+24 ; -1.91286e+45
77.05 ; 4.36226e+24 ; -2.05684e+45
77.1 ; 4.47644e+24 ; -2.21166e+45
77.15 ; 4.69151e+24 ; -2.37812e+45
77.2 ; 4.81431e+24 ; -2.55712e+45
77.25 ; 5.04568e+24 ; -2.74959e+45
77.3 ; 5.17743e+24 ; -2.95655e+45
77.35 ; 5.42659e+24 ; -3.17908e+45
77.4 ; 5.56805e+24 ; -3.41837e+45
77.45 ; 5.83617e+24 ; -3.67566e+45
77.5 ; 5.98818e+24 ; -3.95232e+45
77.55 ; 6.27677e+24 ; -4.24981e+45
77.6 ; 6.44003e+24 ; -4.56968e+45
77.65 ; 6.7505e+24 ; -4.91363e+45
77.7 ; 6.92595e+24 ; -5.28347e+45
77.75 ; 7.2601e+24 ; -5.68115e+45
77.8 ; 7.44839e+24 ; -6.10876e+45
77.85 ; 7.80805e+24 ; -6.56855e+45
77.9 ; 8.01035e+24 ; -7.06296e+45
77.95 ; 8.39748e+24 ; -7.59457e+45
78 ; 8.61449e+24 ; -8.1662e+45
78.05 ; 9.03129e+24 ; -8.78086e+45
78.1 ; 9.26455e+24 ; -9.44178e+45
78.15 ; 9.71307e+24 ; -1.01524e+46
78.2 ; 9.96366e+24 ; -1.09166e+46
78.25 ; 1.04462e+25 ; -1.17383e+46
78.3 ; 1.07154e+25 ; -1.26218e+46
78.35 ; 1.12347e+25 ; -1.35718e+46
78.4 ; 1.15239e+25 ; -1.45933e+46
78.45 ; 1.20827e+25 ; -1.56917e+46
78.5 ; 1.23933e+25 ; -1.68728e+46
78.55 ; 1.29947e+25 ; -1.81428e+46
78.6 ; 1.33286e+25 ; -1.95084e+46
78.65 ; 1.39756e+25 ; -2.09768e+46
78.7 ; 1.43341e+25 ; -2.25556e+46
78.75 ; 1.50304e+25 ; -2.42534e+46
78.8 ; 1.54156e+25 ; -2.60789e+46
78.85 ; 1.61649e+25 ; -2.80418e+46
78.9 ; 1.65786e+25 ; -3.01524e+46
78.95 ; 1.7385e+25 ; -3.24219e+46
79 ; 1.78291e+25 ; -3.48623e+46
79.05 ; 1.86965e+25 ; -3.74863e+46
79.1 ; 1.91739e+25 ; -4.03078e+46
79.15 ; 2.01077e+25 ; -4.33417e+46
79.2 ; 2.06211e+25 ; -4.6604e+46
79.25 ; 2.16252e+25 ; -5.01118e+46
79.3 ; 2.21774e+25 ; -5.38836e+46
79.35 ; 2.32575e+25 ; -5.79393e+46
79.4 ; 2.38501e+25 ; -6.23003e+46
79.45 ; 2.50133e+25 ; -6.69895e+46
79.5 ; 2.5649e+25 ; -7.20317e+46
79.55 ; 2.69006e+25 ; -7.74534e+46
79.6 ; 2.75839e+25 ; -8.32831e+46
79.65 ; 2.89309e+25 ; -8.95517e+46
79.7 ; 2.96652e+25 ; -9.62921e+46
79.75 ; 3.11145e+25 ; -1.0354e+47
79.8 ; 3.19032e+25 ; -1.11333e+47
79.85 ; 3.34629e+25 ; -1.19713e+47
79.9 ; 3.43101e+25 ; -1.28723e+47
79.95 ; 3.59885e+25 ; -1.38412e+47
80 ; 3.68986e+25 ; -1.4883e+47
80.05 ; 3.87047e+25 ; -1.60032e+47
80.1 ; 3.96819e+25 ; -1.72078e+47
80.15 ; 4.16259e+25 ; -1.8503e+47
80.2 ; 4.26755e+25 ; -1.98956e+47
80.25 ; 4.47676e+25 ; -2.13932e+47
80.3 ; 4.58953e+25 ; -2.30034e+47
80.35 ; 4.81467e+25 ; -2.47348e+47
80.4 ; 4.93574e+25 ; -2.65965e+47
80.45 ; 5.17801e+25 ; -2.85984e+47
80.5 ; 5.3081e+25 ; -3.0751e+47
80.55 ; 5.56883e+25 ; -3.30655e+47
80.6 ; 5.70854e+25 ; -3.55543e+47
80.65 ; 5.98912e+25 ; -3.82304e+47
80.7 ; 6.1391e+25 ; -4.11079e+47
80.75 ; 6.44109e+25 ; -4.4202e+47
80.8 ; 6.60226e+25 ; -4.7529e+47
80.85 ; 6.92727e+25 ; -5.11065e+47
80.9 ; 7.10053e+25 ; -5.49531e+47
80.95 ; 7.4499e+25 ; -5.90894e+47
81 ; 7.63611e+25 ; -6.35369e+47
81.05 ; 8.01216e+25 ; -6.83192e+47
81.1 ; 8.21226e+25 ; -7.34615e+47
81.15 ; 8.61685e+25 ; -7.89907e+47
81.2 ; 8.83181e+25 ; -8.49362e+47
81.25 ; 9.26715e+25 ; -9.13292e+47
81.3 ; 9.49794e+25 ; -9.82034e+47
81.35 ; 9.96656e+25 ; -1.05595e+48
81.4 ; 1.02143e+26 ; -1.13543e+48
81.45 ; 1.07187e+26 ; -1.22089e+48
81.5 ; 1.09854e+26 ; -1.31278e+48
81.55 ; 1.15276e+26 ; -1.41159e+48
81.6 ; 1.1814e+26 ; -1.51784e+48
81.65 ; 1.23977e+26 ; -1.63209e+48
81.7 ; 1.2705e+26 ; -1.75493e+48
81.75 ; 1.33333e+26 ; -1.88702e+48
81.8 ; 1.36636e+26 ; -2.02905e+48
81.85 ; 1.43395e+26 ; -2.18178e+48
81.9 ; 1.46945e+26 ; -2.346e+48
81.95 ; 1.54216e+26 ; -2.52257e+48
82 ; 1.5803e+26 ; -2.71244e+48
82.05 ; 1.65855e+26 ; -2.9166e+48
82.1 ; 1.69952e+26 ; -3.13613e+48
82.15 ; 1.78372e+26 ; -3.37218e+48
82.2 ; 1.82773e+26 ; -3.626e+48
82.25 ; 1.91833e+26 ; -3.89892e+48
82.3 ; 1.96559e+26 ; -4.19238e+48
82.35 ; 2.0631e+26 ; -4.50793e+48
82.4 ; 2.11389e+26 ; -4.84724e+48
82.45 ; 2.21879e+26 ; -5.21208e+48
82.5 ; 2.27334e+26 ; -5.60438e+48
82.55 ; 2.38624e+26 ; -6.02621e+48
82.6 ; 2.4448e+26 ; -6.47979e+48
82.65 ; 2.56635e+26 ; -6.96751e+48
82.7 ; 2.62925e+26 ; -7.49195e+48
82.75 ; 2.75998e+26 ; -8.05585e+48
82.8 ; 2.82756e+26 ; -8.6622e+48
82.85 ; 2.9682e+26 ; -9.31418e+48
82.9 ; 3.04083e+26 ; -1.00152e+49
82.95 ; 3.19229e+26 ; -1.07691e+49
83 ; 3.27024e+26 ; -1.15796e+49
83.05 ; 3.43312e+26 ; -1.24512e+49
83.1 ; 3.51695e+26 ; -1.33884e+49
83.15 ; 3.69225e+26 ; -1.43961e+49
83.2 ; 3.78225e+26 ; -1.54797e+49
83.25 ; 3.97093e+26 ; -1.66448e+49
83.3 ; 4.06752e+26 ; -1.78976e+49
83.35 ; 4.27061e+26 ; -1.92447e+49
83.4 ; 4.37433e+26 ; -2.06932e+49
83.45 ; 4.59291e+26 ; -2.22508e+49
83.5 ; 4.70424e+26 ; -2.39255e+49
83.55 ; 4.93951e+26 ; -2.57264e+49
83.6 ; 5.05907e+26 ; -2.76627e+49
83.65 ; 5.31228e+26 ; -2.97449e+49
83.7 ; 5.4407e+26 ; -3.19837e+49
83.75 ; 5.71327e+26 ; -3.4391e+49
83.8 ; 5.85108e+26 ; -3.69796e+49
83.85 ; 6.14451e+26 ; -3.97629e+49
83.9 ; 6.29245e+26 ; -4.27558e+49
83.95 ; 6.60819e+26 ; -4.5974e+49
84 ; 6.76708e+26 ; -4.94343e+49
84.05 ; 7.10687e+26 ; -5.31551e+49
84.1 ; 7.27754e+26 ; -5.7156e+49
84.15 ; 7.64318e+26 ; -6.1458e+49
84.2 ; 7.82649e+26 ; -6.60839e+49
84.25 ; 8.21995e+26 ; -7.10578e+49
84.3 ; 8.41685e+26 ; -7.64062e+49
84.35 ; 8.84027e+26 ; -8.21572e+49
84.4 ; 9.05172e+26 ; -8.8341e+49
84.45 ; 9.50738e+26 ; -9.49902e+49
84.5 ; 9.73452e+26 ; -1.0214e+50
84.55 ; 1.02248e+27 ; -1.09828e+50
84.6 ; 1.04689e+27 ; -1.18094e+50
84.65 ; 1.09964e+27 ; -1.26983e+50
84.7 ; 1.12586e+27 ; -1.36541e+50
84.75 ; 1.18262e+27 ; -1.46818e+50
84.8 ; 1.21078e+27 ; -1.57868e+50
84.85 ; 1.27187e+27 ; -1.69751e+50
84.9 ; 1.30211e+27 ; -1.82528e+50
84.95 ; 1.36784e+27 ; -1.96266e+50
85 ; 1.40033e+27 ; -2.11039e+50
85.05 ; 1.47107e+27 ; -2.26923e+50
85.1 ; 1.50595e+27 ; -2.44003e+50
85.15 ; 1.58206e+27 ; -2.62369e+50
85.2 ; 1.61957e+27 ; -2.82117e+50
85.25 ; 1.70145e+27 ; -3.03351e+50
85.3 ; 1.74175e+27 ; -3.26184e+50
85.35 ; 1.82984e+27 ; -3.50735e+50
85.4 ; 1.87314e+27 ; -3.77134e+50
85.45 ; 1.96792e+27 ; -4.0552e+50
85.5 ; 2.01441e+27 ; -4.36042e+50
85.55 ; 2.11642e+27 ; -4.68862e+50
85.6 ; 2.16635e+27 ; -5.04153e+50
85.65 ; 2.27613e+27 ; -5.42099e+50
85.7 ; 2.32975e+27 ; -5.82902e+50
85.75 ; 2.44789e+27 ; -6.26775e+50
85.8 ; 2.50548e+27 ; -6.73951e+50
85.85 ; 2.63259e+27 ; -7.24678e+50
85.9 ; 2.69449e+27 ; -7.79223e+50
85.95 ; 2.83123e+27 ; -8.37874e+50
86 ; 2.89767e+27 ; -9.00938e+50
86.05 ; 3.04487e+27 ; -9.6875e+50
86.1 ; 3.11623e+27 ; -1.04167e+51
86.15 ; 3.27462e+27 ; -1.12007e+51
86.2 ; 3.35127e+27 ; -1.20437e+51
86.25 ; 3.52171e+27 ; -1.29503e+51
86.3 ; 3.60405e+27 ; -1.3925e+51
86.35 ; 3.78748e+27 ; -1.49731e+51
86.4 ; 3.8759e+27 ; -1.61001e+51
86.45 ; 4.07325e+27 ; -1.73119e+51
86.5 ; 4.1682e+27 ; -1.86149e+51
86.55 ; 4.38065e+27 ; -2.0016e+51
86.6 ; 4.48259e+27 ; -2.15226e+51
86.65 ; 4.7112e+27 ; -2.31426e+51
86.7 ; 4.82072e+27 ; -2.48844e+51
86.75 ; 5.06662e+27 ; -2.67574e+51
86.8 ; 5.18437e+27 ; -2.87714e+51
86.85 ; 5.44886e+27 ; -3.0937e+51
86.9 ; 5.57537e+27 ; -3.32655e+51
86.95 ; 5.85995e+27 ; -3.57694e+51
87 ; 5.99597e+27 ; -3.84616e+51
87.05 ; 6.30204e+27 ; -4.13566e+51
87.1 ; 6.44821e+27 ; -4.44694e+51
87.15 ; 6.77752e+27 ; -4.78165e+51
87.2 ; 6.93453e+27 ; -5.14155e+51
87.25 ; 7.28883e+27 ; -5.52855e+51
87.3 ; 7.45759e+27 ; -5.94467e+51
87.35 ; 7.83871e+27 ; -6.39211e+51
87.4 ; 8.02003e+27 ; -6.87323e+51
87.45 ; 8.43008e+27 ; -7.39056e+51
87.5 ; 8.62501e+27 ; -7.94683e+51
87.55 ; 9.06604e+27 ; -8.54497e+51
87.6 ; 9.27569e+27 ; -9.18813e+51
87.65 ; 9.74998e+27 ; -9.8797e+51
87.7 ; 9.9752e+27 ; -1.06233e+52
87.75 ; 1.04858e+28 ; -1.14229e+52
87.8 ; 1.07276e+28 ; -1.22827e+52
87.85 ; 1.12767e+28 ; -1.32072e+52
87.9 ; 1.15368e+28 ; -1.42013e+52
87.95 ; 1.21293e+28 ; -1.52702e+52
88 ; 1.24067e+28 ; -1.64195e+52
88.05 ; 1.30428e+28 ; -1.76554e+52
88.1 ; 1.33428e+28 ; -1.89842e+52
88.15 ; 1.40274e+28 ; -2.04131e+52
88.2 ; 1.43487e+28 ; -2.19496e+52
88.25 ; 1.50858e+28 ; -2.36017e+52
88.3 ; 1.54303e+28 ; -2.53781e+52
88.35 ; 1.62237e+28 ; -2.72883e+52
88.4 ; 1.6594e+28 ; -2.93422e+52
88.45 ; 1.74472e+28 ; -3.15507e+52
88.5 ; 1.78453e+28 ; -3.39255e+52
88.55 ; 1.87632e+28 ; -3.6479e+52
88.6 ; 1.91913e+28 ; -3.92247e+52
88.65 ; 2.01788e+28 ; -4.2177e+52
88.7 ; 2.06384e+28 ; -4.53516e+52
88.75 ; 2.17009e+28 ; -4.87651e+52
88.8 ; 2.21953e+28 ; -5.24355e+52
88.85 ; 2.33384e+28 ; -5.63822e+52
88.9 ; 2.38694e+28 ; -6.0626e+52
88.95 ; 2.50995e+28 ; -6.51892e+52
89 ; 2.56701e+28 ; -7.00958e+52
89.05 ; 2.69936e+28 ; -7.53718e+52
89.1 ; 2.76067e+28 ; -8.10448e+52
89.15 ; 2.90302e+28 ; -8.71449e+52
89.2 ; 2.96888e+28 ; -9.37041e+52
89.25 ; 3.12206e+28 ; -1.00757e+53
89.3 ; 3.19278e+28 ; -1.08341e+53
89.35 ; 3.35763e+28 ; -1.16495e+53
89.4 ; 3.43359e+28 ; -1.25264e+53
89.45 ; 3.61098e+28 ; -1.34692e+53
89.5 ; 3.69254e+28 ; -1.4483e+53
89.55 ; 3.88343e+28 ; -1.55731e+53
89.6 ; 3.97103e+28 ; -1.67452e+53
89.65 ; 4.17643e+28 ; -1.80056e+53
89.7 ; 4.27051e+28 ; -1.93608e+53
89.75 ; 4.49154e+28 ; -2.08181e+53
89.8 ; 4.5926e+28 ; -2.2385e+53
89.85 ; 4.83041e+28 ; -2.40699e+53
89.9 ; 4.93895e+28 ; -2.58816e+53
89.95 ; 5.19488e+28 ; -2.78296e+53
90 ; 5.31146e+28 ; -2.99243e+53
