0 ; 8370.41 ; 30411.1
0.1 ; 8402.87 ; 29671.6
0.2 ; 8456.18 ; 28952.1
0.3 ; 8530.39 ; 28253.3
0.4 ; 8625.64 ; 27575.9
0.5 ; 8742.2 ; 26920.2
0.6 ; 8880.37 ; 26286.8
0.7 ; 9040.6 ; 25675.8
0.8 ; 9223.4 ; 25087.6
0.9 ; 9429.37 ; 24522.2
1 ; 9659.21 ; 23979.9
1.1 ; 9913.7 ; 23460.6
1.2 ; 10193.7 ; 22964.4
1.3 ; 10500.2 ; 22491.2
1.4 ; 10834.2 ; 22041.1
1.5 ; 11196.8 ; 21613.8
1.6 ; 11589.3 ; 21209.5
1.7 ; 12012.9 ; 20827.8
1.8 ; 12468.8 ; 20468.8
1.9 ; 12958.6 ; 20132.2
2 ; 13483.6 ; 19817.9
2.1 ; 14045.4 ; 19525.9
2.2 ; 14645.4 ; 19255.9
2.3 ; 15285.1 ; 19007.8
2.4 ; 15966.1 ; 18781.5
2.5 ; 16689.9 ; 18576.8
2.6 ; 17457.9 ; 18393.6
2.7 ; 18271.6 ; 18231.8
2.8 ; 19132.2 ; 18091.3
2.9 ; 20041.1 ; 17972
3 ; 20999.2 ; 17873.7
3.1 ; 22007.5 ; 17796.5
3.2 ; 23066.7 ; 17740.1
3.3 ; 24177.2 ; 17704.6
3.4 ; 25339.3 ; 17689.9
3.5 ; 26552.8 ; 17695.9
3.6 ; 27817.3 ; 17722.6
3.7 ; 29132 ; 17770.1
3.8 ; 30495.7 ; 17838.1
3.9 ; 31906.7 ; 17926.8
4 ; 33362.9 ; 18036.2
4.1 ; 34862 ; 18166.3
4.2 ; 36400.7 ; 18317
4.3 ; 37975.7 ; 18488.5
4.4 ; 39583.1 ; 18680.7
4.5 ; 41218.4 ; 18893.8
4.6 ; 42876.8 ; 19127.8
4.7 ; 44553.3 ; 19382.7
4.8 ; 46242.3 ; 19658.7
4.9 ; 47938 ; 19955.8
5 ; 49634.4 ; 20274.2
5.1 ; 51325.3 ; 20613.9
5.2 ; 53004.4 ; 20975.1
5.3 ; 54665.4 ; 21357.9
5.4 ; 56302 ; 21762.5
5.5 ; 57908.1 ; 22189.1
5.6 ; 59477.7 ; 22637.6
5.7 ; 61005 ; 23108.5
5.8 ; 62484.6 ; 23601.8
5.9 ; 63911.5 ; 24117.6
6 ; 65280.8 ; 24656.3
6.1 ; 66588.3 ; 25218
6.2 ; 67830 ; 25802.9
6.3 ; 69002.5 ; 26411.2
6.4 ; 70102.9 ; 27043.1
6.5 ; 71128.5 ; 27698.8
6.6 ; 72077.3 ; 28378.6
6.7 ; 72947.5 ; 29082.6
6.8 ; 73737.7 ; 29811
6.9 ; 74447 ; 30564
7 ; 75074.7 ; 31341.9
7.1 ; 75620.5 ; 32144.7
7.2 ; 76084.2 ; 32972.7
7.3 ; 76466 ; 33825.9
7.4 ; 76766.2 ; 34704.5
7.5 ; 76985.2 ; 35608.5
7.6 ; 77123.7 ; 36538.1
7.7 ; 77182.2 ; 37493.1
7.8 ; 77161.6 ; 38473.7
7.9 ; 77062.6 ; 39479.7
8 ; 76886.1 ; 40511
8.1 ; 76632.8 ; 41567.4
8.2 ; 76303.6 ; 42648.6
8.3 ; 75899.2 ; 43754.3
8.4 ; 75420.2 ; 44884.1
8.5 ; 74867.4 ; 46037.4
8.6 ; 74241.3 ; 47213.6
8.7 ; 73542.5 ; 48412
8.8 ; 72771.4 ; 49631.6
8.9 ; 71928.4 ; 50871.5
9 ; 71013.8 ; 52130.3
9.1 ; 70028 ; 53406.7
9.2 ; 68971 ; 54699.2
9.3 ; 67843.2 ; 56005.7
9.4 ; 66644.6 ; 57324.3
9.5 ; 65375.3 ; 58652.6
9.6 ; 64035.7 ; 59988
9.7 ; 62625.7 ; 61327.3
9.8 ; 61145.8 ; 62667.2
9.9 ; 59596.3 ; 64004
10 ; 57977.8 ; 65333.3
10.1 ; 56291 ; 66650.5
10.2 ; 54536.9 ; 67950.3
10.3 ; 52716.9 ; 69226.8
10.4 ; 50832.8 ; 70473.5
10.5 ; 48886.8 ; 71683.3
10.6 ; 46882 ; 72848.2
10.7 ; 44821.9 ; 73959.8
10.8 ; 42711.2 ; 75008.5
10.9 ; 40555.3 ; 75984.1
11 ; 38361 ; 76875.5
11.1 ; 36136.2 ; 77671
11.2 ; 33890.5 ; 78358.1
11.3 ; 31634.8 ; 78923.6
11.4 ; 29381.5 ; 79354.2
11.5 ; 27144.7 ; 79636.3
11.6 ; 24939.9 ; 79757
11.7 ; 22783.5 ; 79703.8
11.8 ; 20692.7 ; 79466
11.9 ; 18684.6 ; 79035.2
12 ; 16775.6 ; 78405.6
12.1 ; 14980.4 ; 77575.5
12.2 ; 13311 ; 76547.3
12.3 ; 11776.2 ; 75328.2
12.4 ; 10380.7 ; 73929.9
12.5 ; 9125.54 ; 72368.3
12.6 ; 8007.51 ; 70662.8
12.7 ; 7020.39 ; 68834.9
12.8 ; 6155.44 ; 66907.6
12.9 ; 5402.37 ; 64903.4
13 ; 4750.12 ; 62844.4
13.1 ; 4187.56 ; 60750.7
13.2 ; 3703.98 ; 58640.4
13.3 ; 3289.38 ; 56529.4
13.4 ; 2934.68 ; 54431.3
13.5 ; 2631.74 ; 52357.6
13.6 ; 2373.39 ; 50317.8
13.7 ; 2153.34 ; 48319.4
13.8 ; 1966.16 ; 46368.5
13.9 ; 1807.18 ; 44469.8
14 ; 1672.38 ; 42626.6
14.1 ; 1558.37 ; 40841.5
14.2 ; 1462.25 ; 39115.9
14.3 ; 1381.59 ; 37450.8
14.4 ; 1314.36 ; 35846.5
14.5 ; 1258.85 ; 34302.6
14.6 ; 1213.65 ; 32818.6
14.7 ; 1177.57 ; 31393.6
14.8 ; 1149.65 ; 30026.4
14.9 ; 1129.11 ; 28715.7
15 ; 1115.32 ; 27460
15.1 ; 1107.77 ; 26257.8
15.2 ; 1106.08 ; 25107.4
15.3 ; 1109.96 ; 24007.1
15.4 ; 1119.21 ; 22955.1
15.5 ; 1133.7 ; 21949.9
15.6 ; 1153.39 ; 20989.7
15.7 ; 1178.29 ; 20072.7
15.8 ; 1208.47 ; 19197.5
15.9 ; 1244.06 ; 18362.3
16 ; 1285.25 ; 17565.5
16.1 ; 1332.29 ; 16805.7
16.2 ; 1385.47 ; 16081.3
16.3 ; 1445.16 ; 15391
16.4 ; 1511.75 ; 14733.2
16.5 ; 1585.72 ; 14106.8
16.6 ; 1667.62 ; 13510.5
16.7 ; 1758.04 ; 12942.9
16.8 ; 1857.65 ; 12402.9
16.9 ; 1967.2 ; 11889.4
17 ; 2087.53 ; 11401.3
17.1 ; 2219.54 ; 10937.5
17.2 ; 2364.25 ; 10497.1
17.3 ; 2522.77 ; 10079.2
17.4 ; 2696.3 ; 9682.83
17.5 ; 2886.19 ; 9307.13
17.6 ; 3093.88 ; 8951.31
17.7 ; 3320.97 ; 8614.59
17.8 ; 3569.18 ; 8296.25
17.9 ; 3840.4 ; 7995.59
18 ; 4136.65 ; 7711.94
18.1 ; 4460.16 ; 7444.7
18.2 ; 4813.31 ; 7193.26
18.3 ; 5198.66 ; 6957.08
18.4 ; 5618.98 ; 6735.63
18.5 ; 6077.23 ; 6528.42
18.6 ; 6576.58 ; 6334.97
18.7 ; 7120.38 ; 6154.84
18.8 ; 7712.21 ; 5987.64
18.9 ; 8355.83 ; 5832.96
19 ; 9055.18 ; 5690.44
19.1 ; 9814.38 ; 5559.74
19.2 ; 10637.7 ; 5440.54
19.3 ; 11529.5 ; 5332.54
19.4 ; 12494.2 ; 5235.45
19.5 ; 13536.4 ; 5149.02
19.6 ; 14660.5 ; 5072.98
19.7 ; 15870.8 ; 5007.12
19.8 ; 17171.5 ; 4951.21
19.9 ; 18566.6 ; 4905.05
20 ; 20059.6 ; 4868.46
20.1 ; 21653.5 ; 4841.24
20.2 ; 23350.9 ; 4823.25
20.3 ; 25153.4 ; 4814.32
20.4 ; 27061.8 ; 4814.32
20.5 ; 29076.2 ; 4823.1
20.6 ; 31195.3 ; 4840.56
20.7 ; 33416.5 ; 4866.58
20.8 ; 35736.3 ; 4901.05
20.9 ; 38149.6 ; 4943.89
21 ; 40649.9 ; 4995.02
21.1 ; 43229.3 ; 5054.36
21.2 ; 45878.6 ; 5121.87
21.3 ; 48587.6 ; 5197.48
21.4 ; 51344.6 ; 5281.17
21.5 ; 54137.3 ; 5372.9
21.6 ; 56952.3 ; 5472.66
21.7 ; 59776 ; 5580.44
21.8 ; 62594.5 ; 5696.25
21.9 ; 65393.8 ; 5820.11
22 ; 68160.3 ; 5952.04
22.1 ; 70880.9 ; 6092.09
22.2 ; 73543.2 ; 6240.31
22.3 ; 76135.9 ; 6396.76
22.4 ; 78648.8 ; 6561.52
22.5 ; 81072.7 ; 6734.67
22.6 ; 83400.1 ; 6916.32
22.7 ; 85624.7 ; 7106.58
22.8 ; 87741.6 ; 7305.56
22.9 ; 89747.2 ; 7513.41
23 ; 91639.1 ; 7730.27
23.1 ; 93416.4 ; 7956.29
23.2 ; 95078.9 ; 8191.65
23.3 ; 96627.5 ; 8436.52
23.4 ; 98064.1 ; 8691.1
23.5 ; 99391.1 ; 8955.6
23.6 ; 100611 ; 9230.22
23.7 ; 101729 ; 9515.19
23.8 ; 102747 ; 9810.75
23.9 ; 103670 ; 10117.1
24 ; 104502 ; 10434.6
24.1 ; 105247 ; 10763.5
24.2 ; 105910 ; 11104
24.3 ; 106496 ; 11456.4
24.4 ; 107007 ; 11821.1
24.5 ; 107449 ; 12198.4
24.6 ; 107824 ; 12588.5
24.7 ; 108138 ; 12991.8
24.8 ; 108393 ; 13408.7
24.9 ; 108593 ; 13839.5
25 ; 108740 ; 14284.5
25.1 ; 108838 ; 14744.2
25.2 ; 108889 ; 15219
25.3 ; 108896 ; 15709.1
25.4 ; 108860 ; 16215.1
25.5 ; 108785 ; 16737.3
25.6 ; 108671 ; 17276.2
25.7 ; 108520 ; 17832.1
25.8 ; 108334 ; 18405.6
25.9 ; 108114 ; 18997
26 ; 107861 ; 19606.9
26.1 ; 107577 ; 20235.5
26.2 ; 107261 ; 20883.5
26.3 ; 106915 ; 21551.3
26.4 ; 106539 ; 22239.3
26.5 ; 106133 ; 22948.1
26.6 ; 105699 ; 23678
26.7 ; 105235 ; 24429.6
26.8 ; 104743 ; 25203.3
26.9 ; 104223 ; 25999.5
27 ; 103673 ; 26818.9
27.1 ; 103094 ; 27661.7
27.2 ; 102487 ; 28528.4
27.3 ; 101849 ; 29419.6
27.4 ; 101182 ; 30335.5
27.5 ; 100485 ; 31276.7
27.6 ; 99756.3 ; 32243.4
27.7 ; 98996.3 ; 33236
27.8 ; 98204.1 ; 34255
27.9 ; 97378.9 ; 35300.5
28 ; 96520 ; 36372.8
28.1 ; 95626.4 ; 37472.2
28.2 ; 94697.3 ; 38598.8
28.3 ; 93731.6 ; 39752.7
28.4 ; 92728.3 ; 40934.1
28.5 ; 91686.3 ; 42142.8
28.6 ; 90604.5 ; 43378.7
28.7 ; 89481.5 ; 44641.8
28.8 ; 88316.3 ; 45931.7
28.9 ; 87107.4 ; 47248
29 ; 85853.5 ; 48590.2
29.1 ; 84553.2 ; 49957.6
29.2 ; 83205.1 ; 51349.5
29.3 ; 81807.7 ; 52764.7
29.4 ; 80359.5 ; 54202.2
29.5 ; 78859 ; 55660.5
29.6 ; 77304.6 ; 57137.9
29.7 ; 75694.9 ; 58632.6
29.8 ; 74028.5 ; 60142.3
29.9 ; 72303.7 ; 61664.5
30 ; 70519.4 ; 63196.2
30.1 ; 68674.1 ; 64734.1
30.2 ; 66766.9 ; 66274.4
30.3 ; 64796.6 ; 67812.8
30.4 ; 62762.6 ; 69344.4
30.5 ; 60664.5 ; 70863.6
30.6 ; 58502.3 ; 72364.4
30.7 ; 56276.2 ; 73839.7
30.8 ; 53987.5 ; 75281.8
30.9 ; 51637.6 ; 76681.9
31 ; 49229.3 ; 78030.3
31.1 ; 46766.1 ; 79316.4
31.2 ; 44253 ; 80528.2
31.3 ; 41696 ; 81652.6
31.4 ; 39103.3 ; 82675.4
31.5 ; 36484.8 ; 83581.2
31.6 ; 33852.3 ; 84353.3
31.7 ; 31220.3 ; 84974.4
31.8 ; 28605.5 ; 85426.3
31.9 ; 26026.9 ; 85690.7
32 ; 23505.6 ; 85750
32.1 ; 21064.4 ; 85587.6
32.2 ; 18726.7 ; 85189.6
32.3 ; 16515.4 ; 84545.6
32.4 ; 14451.6 ; 83650.5
32.5 ; 12552.8 ; 82505.1
32.6 ; 10831.5 ; 81117.4
32.7 ; 9294.15 ; 79502.6
32.8 ; 7940.82 ; 77682.8
32.9 ; 6765.29 ; 75685.3
33 ; 5756.35 ; 73541
33.1 ; 4899.15 ; 71282.3
33.2 ; 4176.88 ; 68941.1
33.3 ; 3572.2 ; 66547.3
33.4 ; 3068.33 ; 64127.6
33.5 ; 2649.78 ; 61705.1
33.6 ; 2302.72 ; 59299.2
33.7 ; 2015.16 ; 56925.7
33.8 ; 1776.88 ; 54597
33.9 ; 1579.28 ; 52323
34 ; 1415.23 ; 50110.6
34.1 ; 1278.87 ; 47965
34.2 ; 1165.4 ; 45889.7
34.3 ; 1070.9 ; 43886.8
34.4 ; 992.2 ; 41957.3
34.5 ; 926.716 ; 40101.4
34.6 ; 872.367 ; 38318.5
34.7 ; 827.466 ; 36607.6
34.8 ; 790.65 ; 34967.4
34.9 ; 760.817 ; 33396.1
35 ; 737.079 ; 31892
35.1 ; 718.724 ; 30452.9
35.2 ; 705.181 ; 29076.7
35.3 ; 695.998 ; 27761.3
35.4 ; 690.822 ; 26504.5
35.5 ; 689.38 ; 25304.1
35.6 ; 691.473 ; 24157.8
35.7 ; 696.961 ; 23063.7
35.8 ; 705.758 ; 22019.5
35.9 ; 717.824 ; 21023.3
36 ; 733.164 ; 20073
36.1 ; 751.822 ; 19166.7
36.2 ; 773.88 ; 18302.6
36.3 ; 799.456 ; 17478.8
36.4 ; 828.705 ; 16693.6
36.5 ; 861.816 ; 15945.4
36.6 ; 899.017 ; 15232.6
36.7 ; 940.571 ; 14553.5
36.8 ; 986.783 ; 13906.9
36.9 ; 1038 ; 13291.1
37 ; 1094.6 ; 12704.9
37.1 ; 1157.03 ; 12147
37.2 ; 1225.77 ; 11616.2
37.3 ; 1301.36 ; 11111.3
37.4 ; 1384.4 ; 10631.1
37.5 ; 1475.55 ; 10174.6
37.6 ; 1575.54 ; 9740.8
37.7 ; 1685.18 ; 9328.69
37.8 ; 1805.34 ; 8937.35
37.9 ; 1937.01 ; 8565.9
38 ; 2081.25 ; 8213.51
38.1 ; 2239.22 ; 7879.38
38.2 ; 2412.22 ; 7562.77
38.3 ; 2601.64 ; 7262.94
38.4 ; 2809.01 ; 6979.23
38.5 ; 3036 ; 6710.99
38.6 ; 3284.43 ; 6457.61
38.7 ; 3556.27 ; 6218.51
38.8 ; 3853.67 ; 5993.15
38.9 ; 4178.95 ; 5781.02
39 ; 4534.63 ; 5581.63
39.1 ; 4923.4 ; 5394.52
39.2 ; 5348.2 ; 5219.25
39.3 ; 5812.13 ; 5055.43
39.4 ; 6318.54 ; 4902.66
39.5 ; 6870.99 ; 4760.59
39.6 ; 7473.24 ; 4628.87
39.7 ; 8129.28 ; 4507.19
39.8 ; 8843.27 ; 4395.26
39.9 ; 9619.58 ; 4292.78
40 ; 10462.7 ; 4199.5
40.1 ; 11377.3 ; 4115.16
40.2 ; 12368.1 ; 4039.54
40.3 ; 13439.8 ; 3972.42
40.4 ; 14597.1 ; 3913.59
40.5 ; 15844.7 ; 3862.87
40.6 ; 17187 ; 3820.07
40.7 ; 18628.1 ; 3785.02
40.8 ; 20171.6 ; 3757.58
40.9 ; 21820.9 ; 3737.58
41 ; 23578.3 ; 3724.91
41.1 ; 25445.8 ; 3719.41
41.2 ; 27424 ; 3720.99
41.3 ; 29512.8 ; 3729.52
41.4 ; 31710.6 ; 3744.91
41.5 ; 34014.9 ; 3767.06
41.6 ; 36421.3 ; 3795.88
41.7 ; 38924.4 ; 3831.31
41.8 ; 41517 ; 3873.27
41.9 ; 44190.8 ; 3921.71
42 ; 46935.7 ; 3976.57
42.1 ; 49740.5 ; 4037.82
42.2 ; 52592.9 ; 4105.41
42.3 ; 55479.7 ; 4179.33
42.4 ; 58386.6 ; 4259.57
42.5 ; 61299.3 ; 4346.11
42.6 ; 64203 ; 4438.96
42.7 ; 67083.2 ; 4538.13
42.8 ; 69925.7 ; 4643.66
42.9 ; 72716.9 ; 4755.57
43 ; 75444.1 ; 4873.9
43.1 ; 78095.8 ; 4998.71
43.2 ; 80661.8 ; 5130.06
43.3 ; 83133 ; 5268.02
43.4 ; 85502 ; 5412.67
43.5 ; 87762.8 ; 5564.1
43.6 ; 89911 ; 5722.42
43.7 ; 91943.4 ; 5887.73
43.8 ; 93858.2 ; 6060.16
43.9 ; 95654.8 ; 6239.84
44 ; 97333.9 ; 6426.89
44.1 ; 98896.9 ; 6621.49
44.2 ; 100346 ; 6823.77
44.3 ; 101685 ; 7033.91
44.4 ; 102916 ; 7252.1
44.5 ; 104044 ; 7478.5
44.6 ; 105074 ; 7713.33
44.7 ; 106009 ; 7956.78
44.8 ; 106854 ; 8209.08
44.9 ; 107615 ; 8470.44
45 ; 108295 ; 8741.1
45.1 ; 108900 ; 9021.31
45.2 ; 109433 ; 9311.31
45.3 ; 109899 ; 9611.38
45.4 ; 110303 ; 9921.77
45.5 ; 110647 ; 10242.8
45.6 ; 110936 ; 10574.7
45.7 ; 111173 ; 10917.8
45.8 ; 111361 ; 11272.4
45.9 ; 111503 ; 11638.9
46 ; 111603 ; 12017.5
46.1 ; 111661 ; 12408.6
46.2 ; 111682 ; 12812.6
46.3 ; 111666 ; 13229.8
46.4 ; 111616 ; 13660.5
46.5 ; 111534 ; 14105.2
46.6 ; 111420 ; 14564.2
46.7 ; 111277 ; 15037.9
46.8 ; 111105 ; 15526.7
46.9 ; 110906 ; 16031.1
47 ; 110680 ; 16551.4
47.1 ; 110429 ; 17088.1
47.2 ; 110152 ; 17641.5
47.3 ; 109851 ; 18212.2
47.4 ; 109526 ; 18800.6
47.5 ; 109177 ; 19407.1
47.6 ; 108805 ; 20032.3
47.7 ; 108409 ; 20676.4
47.8 ; 107990 ; 21340.1
47.9 ; 107547 ; 22023.8
48 ; 107082 ; 22727.9
48.1 ; 106593 ; 23453
48.2 ; 106080 ; 24199.5
48.3 ; 105543 ; 24967.8
48.4 ; 104981 ; 25758.5
48.5 ; 104395 ; 26572
48.6 ; 103784 ; 27408.8
48.7 ; 103146 ; 28269.3
48.8 ; 102483 ; 29153.9
48.9 ; 101792 ; 30063.1
49 ; 101074 ; 30997.3
49.1 ; 100328 ; 31956.9
49.2 ; 99551.7 ; 32942.1
49.3 ; 98745.9 ; 33953.5
49.4 ; 97909.1 ; 34991.2
49.5 ; 97040.5 ; 36055.6
49.6 ; 96139.1 ; 37146.9
49.7 ; 95203.8 ; 38265.2
49.8 ; 94233.6 ; 39410.8
49.9 ; 93227.3 ; 40583.6
50 ; 92183.8 ; 41783.6
50.1 ; 91101.8 ; 43010.9
50.2 ; 89980 ; 44265.2
50.3 ; 88817.2 ; 45546.3
50.4 ; 87612 ; 46853.8
50.5 ; 86363 ; 48187.2
50.6 ; 85068.7 ; 49545.9
50.7 ; 83727.7 ; 50929.2
50.8 ; 82338.6 ; 52336.1
50.9 ; 80899.7 ; 53765.4
51 ; 79409.6 ; 55215.9
51.1 ; 77866.7 ; 56685.9
51.2 ; 76269.5 ; 58173.6
51.3 ; 74616.5 ; 59676.9
51.4 ; 72906.2 ; 61193.4
51.5 ; 71137.3 ; 62720.1
51.6 ; 69308.4 ; 64254.1
51.7 ; 67418.4 ; 65791.5
51.8 ; 65466.1 ; 67328.3
51.9 ; 63451 ; 68859.9
52 ; 61372.3 ; 70380.8
52.1 ; 59230 ; 71885.3
52.2 ; 57024.3 ; 73366.7
52.3 ; 54756 ; 74817.6
52.4 ; 52426.5 ; 76229.6
52.5 ; 50038.1 ; 77593.5
52.6 ; 47593.8 ; 78899.1
52.7 ; 45098 ; 80135.2
52.8 ; 42556.3 ; 81289.1
52.9 ; 39975.7 ; 82347.4
53 ; 37365.2 ; 83295.3
53.1 ; 34735.8 ; 84116.8
53.2 ; 32100.3 ; 84795.1
53.3 ; 29474.4 ; 85312.7
53.4 ; 26875.7 ; 85651.3
53.5 ; 24324.3 ; 85793
53.6 ; 21842 ; 85720.8
53.7 ; 19452 ; 85419.2
53.8 ; 17177.7 ; 84875.9
53.9 ; 15041.6 ; 84082.6
54 ; 13063.7 ; 83036.7
54.1 ; 11259.8 ; 81742.1
54.2 ; 9640.08 ; 80210.1
54.3 ; 8208.53 ; 78459
54.4 ; 6962.33 ; 76513.9
54.5 ; 5892.64 ; 74404.8
54.6 ; 4985.81 ; 72164.3
54.7 ; 4225.03 ; 69826.1
54.8 ; 3592.02 ; 67422.5
54.9 ; 3068.46 ; 64983.1
55 ; 2637.12 ; 62533.7
55.1 ; 2282.5 ; 60096.2
55.2 ; 1991.09 ; 57688.5
55.3 ; 1751.47 ; 55324.6
55.4 ; 1554.15 ; 53015.1
55.5 ; 1391.34 ; 50768.1
55.6 ; 1256.72 ; 48589.2
55.7 ; 1145.19 ; 46481.9
55.8 ; 1052.67 ; 44448.7
55.9 ; 975.856 ; 42490.4
56 ; 912.128 ; 40607.3
56.1 ; 859.373 ; 38798.8
56.2 ; 815.901 ; 37063.7
56.3 ; 780.354 ; 35400.7
56.4 ; 751.643 ; 33807.9
56.5 ; 728.896 ; 32283.4
56.6 ; 711.414 ; 30825
56.7 ; 698.642 ; 29430.6
56.8 ; 690.142 ; 28098
56.9 ; 685.571 ; 26824.8
57 ; 684.671 ; 25608.9
57.1 ; 687.249 ; 24448
57.2 ; 693.174 ; 23339.9
57.3 ; 702.367 ; 22282.5
57.4 ; 714.794 ; 21273.7
57.5 ; 730.466 ; 20311.5
57.6 ; 749.43 ; 19393.8
57.7 ; 771.772 ; 18518.9
57.8 ; 797.612 ; 17684.8
57.9 ; 827.109 ; 16889.9
58 ; 860.454 ; 16132.3
58.1 ; 897.874 ; 15410.6
58.2 ; 939.635 ; 14723.1
58.3 ; 986.04 ; 14068.4
58.4 ; 1037.43 ; 13445
58.5 ; 1094.2 ; 12851.5
58.6 ; 1156.78 ; 12286.6
58.7 ; 1225.66 ; 11749.1
58.8 ; 1301.36 ; 11237.9
58.9 ; 1384.49 ; 10751.6
59 ; 1475.7 ; 10289.4
59.1 ; 1575.71 ; 9850.07
59.2 ; 1685.32 ; 9432.7
59.3 ; 1805.41 ; 9036.34
59.4 ; 1936.93 ; 8660.1
59.5 ; 2080.94 ; 8303.13
59.6 ; 2238.6 ; 7964.62
59.7 ; 2411.15 ; 7643.82
59.8 ; 2599.99 ; 7339.99
59.9 ; 2806.61 ; 7052.44
60 ; 3032.66 ; 6780.53
60.1 ; 3279.9 ; 6523.63
60.2 ; 3550.27 ; 6281.16
60.3 ; 3845.87 ; 6052.56
60.4 ; 4168.96 ; 5837.32
60.5 ; 4521.99 ; 5634.94
60.6 ; 4907.58 ; 5444.95
60.7 ; 5328.57 ; 5266.91
60.8 ; 5787.99 ; 5100.42
60.9 ; 6289.06 ; 4945.07
61 ; 6835.23 ; 4800.5
61.1 ; 7430.13 ; 4666.38
61.2 ; 8077.6 ; 4542.36
61.3 ; 8781.67 ; 4428.16
61.4 ; 9546.53 ; 4323.48
61.5 ; 10376.5 ; 4228.05
61.6 ; 11276.1 ; 4141.62
61.7 ; 12249.9 ; 4063.96
61.8 ; 13302.3 ; 3994.85
61.9 ; 14438 ; 3934.08
62 ; 15661.5 ; 3881.44
62.1 ; 16977 ; 3836.77
62.2 ; 18388.6 ; 3799.89
62.3 ; 19899.9 ; 3770.64
62.4 ; 21514.1 ; 3748.87
62.5 ; 23233.8 ; 3734.44
62.6 ; 25061 ; 3727.23
62.7 ; 26996.5 ; 3727.1
62.8 ; 29040.4 ; 3733.96
62.9 ; 31191.8 ; 3747.69
63 ; 33448.2 ; 3768.2
63.1 ; 35806.2 ; 3795.4
63.2 ; 38260.7 ; 3829.23
63.3 ; 40805.5 ; 3869.6
63.4 ; 43432.7 ; 3916.45
63.5 ; 46133.3 ; 3969.74
63.6 ; 48896.7 ; 4029.43
63.7 ; 51711.3 ; 4095.46
63.8 ; 54564.6 ; 4167.83
63.9 ; 57443.1 ; 4246.52
64 ; 60332.9 ; 4331.51
64.1 ; 63219.6 ; 4422.81
64.2 ; 66088.9 ; 4520.42
64.3 ; 68926.8 ; 4624.38
64.4 ; 71719.7 ; 4734.72
64.5 ; 74454.7 ; 4851.46
64.6 ; 77120 ; 4974.66
64.7 ; 79705 ; 5104.39
64.8 ; 82200.1 ; 5240.7
64.9 ; 84597.4 ; 5383.68
65 ; 86890.3 ; 5533.42
65.1 ; 89073.6 ; 5690.01
65.2 ; 91143.6 ; 5853.57
65.3 ; 93097.8 ; 6024.2
65.4 ; 94935.2 ; 6202.05
65.5 ; 96655.7 ; 6387.23
65.6 ; 98260.4 ; 6579.9
65.7 ; 99751 ; 6780.22
65.8 ; 101130 ; 6988.34
65.9 ; 102402 ; 7204.45
66 ; 103569 ; 7428.72
66.1 ; 104636 ; 7661.35
66.2 ; 105607 ; 7902.55
66.3 ; 106486 ; 8152.52
66.4 ; 107280 ; 8411.49
66.5 ; 107991 ; 8679.68
66.6 ; 108624 ; 8957.33
66.7 ; 109185 ; 9244.71
66.8 ; 109677 ; 9542.05
66.9 ; 110104 ; 9849.64
67 ; 110471 ; 10167.8
67.1 ; 110781 ; 10496.7
67.2 ; 111037 ; 10836.7
67.3 ; 111244 ; 11188.1
67.4 ; 111403 ; 11551.3
67.5 ; 111519 ; 11926.5
67.6 ; 111592 ; 12314.1
67.7 ; 111627 ; 12714.4
67.8 ; 111624 ; 13127.7
67.9 ; 111586 ; 13554.6
68 ; 111515 ; 13995.2
68.1 ; 111412 ; 14450
68.2 ; 111279 ; 14919.4
68.3 ; 111117 ; 15403.7
68.4 ; 110927 ; 15903.4
68.5 ; 110710 ; 16418.9
68.6 ; 110467 ; 16950.6
68.7 ; 110198 ; 17498.9
68.8 ; 109905 ; 18064.3
68.9 ; 109587 ; 18647.2
69 ; 109246 ; 19248.1
69.1 ; 108880 ; 19867.3
69.2 ; 108492 ; 20505.4
69.3 ; 108079 ; 21162.8
69.4 ; 107644 ; 21840
69.5 ; 107185 ; 22537.4
69.6 ; 106703 ; 23255.5
69.7 ; 106197 ; 23994.8
69.8 ; 105667 ; 24755.8
69.9 ; 105112 ; 25538.8
70 ; 104533 ; 26344.5
70.1 ; 103929 ; 27173.1
70.2 ; 103299 ; 28025.1
70.3 ; 102643 ; 28901.1
70.4 ; 101960 ; 29801.3
70.5 ; 101250 ; 30726.3
70.6 ; 100511 ; 31676.3
70.7 ; 99743.5 ; 32651.8
70.8 ; 98946.3 ; 33653
70.9 ; 98118.5 ; 34680.3
71 ; 97259.1 ; 35734
71.1 ; 96367.2 ; 36814.2
71.2 ; 95441.8 ; 37921.2
71.3 ; 94481.9 ; 39055.1
71.4 ; 93486.4 ; 40215.9
71.5 ; 92454 ; 41403.6
71.6 ; 91383.7 ; 42618.2
71.7 ; 90274.1 ; 43859.5
71.8 ; 89124 ; 45127.3
71.9 ; 87932.2 ; 46421.2
72 ; 86697.1 ; 47740.7
72.1 ; 85417.6 ; 49085.2
72.2 ; 84092 ; 50453.9
72.3 ; 82719.1 ; 51845.9
72.4 ; 81297.4 ; 53260.2
72.5 ; 79825.3 ; 54695.3
72.6 ; 78301.5 ; 56149.8
72.7 ; 76724.4 ; 57621.8
72.8 ; 75092.7 ; 59109.4
72.9 ; 73405 ; 60610.2
73 ; 71659.9 ; 62121.4
73.1 ; 69856.2 ; 63639.9
73.2 ; 67992.7 ; 65162.4
73.3 ; 66068.6 ; 66684.9
73.4 ; 64082.9 ; 68202.9
73.5 ; 62035.3 ; 69711.4
73.6 ; 59925.4 ; 71204.9
73.7 ; 57753.4 ; 72677.1
73.8 ; 55519.9 ; 74121
73.9 ; 53226.3 ; 75528.8
74 ; 50874.3 ; 76891.9
74.1 ; 48466.8 ; 78200.6
74.2 ; 46007.5 ; 79444.4
74.3 ; 43501.4 ; 80611.5
74.4 ; 40954.9 ; 81689.3
74.5 ; 38375.8 ; 82663.9
74.6 ; 35774 ; 83520.4
74.7 ; 33161.2 ; 84242.8
74.8 ; 30551.3 ; 84814.4
74.9 ; 27960.4 ; 85217.9
75 ; 25406.9 ; 85436.1
75.1 ; 22911 ; 85451.8
75.2 ; 20494.6 ; 85249.6
75.3 ; 18180.4 ; 84815.8
75.4 ; 15990.6 ; 84140.4
75.5 ; 13946.2 ; 83217.9
75.6 ; 12065.1 ; 82048.5
75.7 ; 10360.6 ; 80638.9
75.8 ; 8840.4 ; 79003.2
75.9 ; 7505.78 ; 77162
76 ; 6351.65 ; 75142.2
76.1 ; 5367.32 ; 72974.3
76.2 ; 4537.92 ; 70691.4
76.3 ; 3845.98 ; 68326.3
76.4 ; 3273.11 ; 65910.2
76.5 ; 2801.36 ; 63471.1
76.6 ; 2414.13 ; 61033.1
76.7 ; 2096.73 ; 58616.2
76.8 ; 1836.53 ; 56236.4
76.9 ; 1623 ; 53906.3
77 ; 1447.45 ; 51635
77.1 ; 1302.82 ; 49429.4
77.2 ; 1183.42 ; 47294
77.3 ; 1084.69 ; 45231.7
77.4 ; 1002.98 ; 43244
77.5 ; 935.381 ; 41331.5
77.6 ; 879.566 ; 39493.9
77.7 ; 833.675 ; 37730.3
77.8 ; 796.222 ; 36039.4
77.9 ; 766.02 ; 34419.5
78 ; 742.117 ; 32868.7
78.1 ; 723.758 ; 31384.9
78.2 ; 710.341 ; 29966
78.3 ; 701.391 ; 28609.8
78.4 ; 696.54 ; 27313.9
78.5 ; 695.506 ; 26076.2
78.6 ; 698.083 ; 24894.4
78.7 ; 704.126 ; 23766.3
78.8 ; 713.548 ; 22689.7
78.9 ; 726.309 ; 21662.5
79 ; 742.415 ; 20682.7
79.1 ; 761.91 ; 19748.2
79.2 ; 784.881 ; 18857.2
79.3 ; 811.447 ; 18007.8
79.4 ; 841.768 ; 17198.2
79.5 ; 876.037 ; 16426.6
79.6 ; 914.483 ; 15691.5
79.7 ; 957.376 ; 14991.2
79.8 ; 1005.02 ; 14324.3
79.9 ; 1057.77 ; 13689.2
80 ; 1116.01 ; 13084.6
80.1 ; 1180.17 ; 12509.2
80.2 ; 1250.75 ; 11961.6
80.3 ; 1328.29 ; 11440.6
80.4 ; 1413.37 ; 10945.2
80.5 ; 1506.65 ; 10474.2
80.6 ; 1608.86 ; 10026.4
80.7 ; 1720.79 ; 9601.08
80.8 ; 1843.29 ; 9197.09
80.9 ; 1977.34 ; 8813.57
81 ; 2123.96 ; 8449.66
81.1 ; 2284.28 ; 8104.53
81.2 ; 2459.56 ; 7777.41
81.3 ; 2651.12 ; 7467.55
81.4 ; 2860.45 ; 7174.25
81.5 ; 3089.13 ; 6896.84
81.6 ; 3338.88 ; 6634.7
81.7 ; 3611.58 ; 6387.22
81.8 ; 3909.25 ; 6153.85
81.9 ; 4234.07 ; 5934.03
82 ; 4588.38 ; 5727.29
82.1 ; 4974.7 ; 5533.12
82.2 ; 5395.74 ; 5351.09
82.3 ; 5854.4 ; 5180.77
82.4 ; 6353.73 ; 5021.76
82.5 ; 6897.02 ; 4873.68
82.6 ; 7487.71 ; 4736.19
82.7 ; 8129.45 ; 4608.94
82.8 ; 8826.05 ; 4491.63
82.9 ; 9581.48 ; 4383.97
83 ; 10399.9 ; 4285.67
83.1 ; 11285.4 ; 4196.48
83.2 ; 12242.4 ; 4116.16
83.3 ; 13275.3 ; 4044.49
83.4 ; 14388.3 ; 3981.24
83.5 ; 15585.7 ; 3926.22
83.6 ; 16871.6 ; 3879.24
83.7 ; 18250 ; 3840.14
83.8 ; 19724.4 ; 3808.74
83.9 ; 21297.8 ; 3784.89
84 ; 22973.1 ; 3768.45
84.1 ; 24752.1 ; 3759.29
84.2 ; 26636.1 ; 3757.28
84.3 ; 28625.4 ; 3762.31
84.4 ; 30719.3 ; 3774.28
84.5 ; 32916.2 ; 3793.09
84.6 ; 35213 ; 3818.65
84.7 ; 37605.6 ; 3850.87
84.8 ; 40088.3 ; 3889.7
84.9 ; 42654.4 ; 3935.06
85 ; 45295.6 ; 3986.9
85.1 ; 48002.4 ; 4045.18
85.2 ; 50764.1 ; 4109.86
85.3 ; 53569.1 ; 4180.91
85.4 ; 56404.8 ; 4258.31
85.5 ; 59257.8 ; 4342.06
85.6 ; 62114.6 ; 4432.14
85.7 ; 64961.2 ; 4528.58
85.8 ; 67783.8 ; 4631.39
85.9 ; 70569 ; 4740.6
86 ; 73303.9 ; 4856.24
86.1 ; 75976.3 ; 4978.37
86.2 ; 78575.2 ; 5107.03
86.3 ; 81090.6 ; 5242.3
86.4 ; 83514 ; 5384.25
86.5 ; 85838 ; 5532.96
86.6 ; 88056.8 ; 5688.54
86.7 ; 90165.8 ; 5851.08
86.8 ; 92162 ; 6020.7
86.9 ; 94043.3 ; 6197.53
87 ; 95809.2 ; 6381.7
87.1 ; 97460 ; 6573.34
87.2 ; 98997.1 ; 6772.62
87.3 ; 100423 ; 6979.7
87.4 ; 101739 ; 7194.74
87.5 ; 102951 ; 7417.93
87.6 ; 104060 ; 7649.46
87.7 ; 105073 ; 7889.53
87.8 ; 105992 ; 8138.34
87.9 ; 106823 ; 8396.12
88 ; 107570 ; 8663.09
88.1 ; 108237 ; 8939.49
88.2 ; 108830 ; 9225.56
88.3 ; 109351 ; 9521.56
88.4 ; 109806 ; 9827.76
88.5 ; 110199 ; 10144.4
88.6 ; 110533 ; 10471.9
88.7 ; 110812 ; 10810.3
88.8 ; 111039 ; 11160.1
88.9 ; 111218 ; 11521.6
89 ; 111351 ; 11895
89.1 ; 111441 ; 12280.8
89.2 ; 111490 ; 12679.2
89.3 ; 111502 ; 13090.6
89.4 ; 111477 ; 13515.3
89.5 ; 111418 ; 13953.8
89.6 ; 111326 ; 14406.3
89.7 ; 111203 ; 14873.3
89.8 ; 111050 ; 15355.1
89.9 ; 110869 ; 15852.3
90 ; 110660 ; 16365
90.1 ; 110424 ; 16893.9
90.2 ; 110163 ; 17439.2
90.3 ; 109876 ; 18001.4
90.4 ; 109564 ; 18581
90.5 ; 109228 ; 19178.4
90.6 ; 108869 ; 19794
90.7 ; 108485 ; 20428.2
90.8 ; 108078 ; 21081.6
90.9 ; 107647 ; 21754.6
91 ; 107192 ; 22447.6
91.1 ; 106714 ; 23161.1
91.2 ; 106212 ; 23895.5
91.3 ; 105686 ; 24651.3
91.4 ; 105136 ; 25428.9
91.5 ; 104561 ; 26228.8
91.6 ; 103960 ; 27051.4
91.7 ; 103334 ; 27897.2
91.8 ; 102682 ; 28766.4
91.9 ; 102003 ; 29659.7
92 ; 101297 ; 30577.2
92.1 ; 100562 ; 31519.4
92.2 ; 99799.2 ; 32486.6
92.3 ; 99006.3 ; 33479.1
92.4 ; 98183 ; 34497.2
92.5 ; 97328.5 ; 35541.1
92.6 ; 96441.7 ; 36611.1
92.7 ; 95521.7 ; 37707.2
92.8 ; 94567.4 ; 38829.5
92.9 ; 93578 ; 39978.2
93 ; 92552.2 ; 41153
93.1 ; 91488.9 ; 42354.1
93.2 ; 90387.1 ; 43581
93.3 ; 89245.3 ; 44833.6
93.4 ; 88062.6 ; 46111.5
93.5 ; 86837.4 ; 47414.1
93.6 ; 85568.7 ; 48740.8
93.7 ; 84255 ; 50090.9
93.8 ; 82895 ; 51463.4
93.9 ; 81487.3 ; 52857.3
94 ; 80030.5 ; 54271.2
94.1 ; 78523.4 ; 55703.7
94.2 ; 76964.5 ; 57153.1
94.3 ; 75352.4 ; 58617.3
94.4 ; 73685.8 ; 60094.1
94.5 ; 71963.5 ; 61581
94.6 ; 70184.4 ; 63074.9
94.7 ; 68347.2 ; 64572.7
94.8 ; 66451.1 ; 66070.6
94.9 ; 64495.4 ; 67564.2
95 ; 62479.5 ; 69049
95.1 ; 60403.3 ; 70519.5
95.2 ; 58266.8 ; 71969.9
95.3 ; 56070.6 ; 73393.4
95.4 ; 53816 ; 74782.8
95.5 ; 51504.7 ; 76129.8
95.6 ; 49139.2 ; 77425.3
95.7 ; 46723.1 ; 78659.3
95.8 ; 44261 ; 79821
95.9 ; 41758.6 ; 80898.4
96 ; 39223.2 ; 81878.5
96.1 ; 36663.6 ; 82747.5
96.2 ; 34090.3 ; 83490.6
96.3 ; 31516 ; 84092.3
96.4 ; 28954.9 ; 84536.7
96.5 ; 26423.6 ; 84807.4
96.6 ; 23940.3 ; 84888.5
96.7 ; 21524.7 ; 84765
96.8 ; 19197.9 ; 84423.5
96.9 ; 16980.8 ; 83853.2
97 ; 14894 ; 83046.7
97.1 ; 12955.9 ; 82001.4
97.2 ; 11181.9 ; 80720.4
97.3 ; 9582.57 ; 79212.9
97.4 ; 8163.21 ; 77494.9
97.5 ; 6922.95 ; 75588.3
97.6 ; 5855.12 ; 73520.1
97.7 ; 4948.07 ; 71320.8
97.8 ; 4186.53 ; 69022.4
97.9 ; 3553.21 ; 66656.2
98 ; 3030.29 ; 64251.5
98.1 ; 2600.63 ; 61834.3
98.2 ; 2248.6 ; 59426.7
98.3 ; 1960.5 ; 57046.9
98.4 ; 1724.66 ; 54709.4
98.5 ; 1531.38 ; 52425.2
98.6 ; 1372.71 ; 50202.4
98.7 ; 1242.24 ; 48046.7
98.8 ; 1134.79 ; 45962.1
98.9 ; 1046.23 ; 43950.7
99 ; 973.277 ; 42013.7
99.1 ; 913.301 ; 40151.2
99.2 ; 864.211 ; 38362.6
99.3 ; 824.34 ; 36646.9
99.4 ; 792.361 ; 35002.6
99.5 ; 767.216 ; 33427.9
99.6 ; 748.064 ; 31920.8
99.7 ; 734.239 ; 30479.3
99.8 ; 725.221 ; 29101.2
99.9 ; 720.602 ; 27784.2
100 ; 720.075 ; 26526.1
100.1 ; 723.413 ; 25324.7
100.2 ; 730.459 ; 24177.7
100.3 ; 741.118 ; 23083.1
100.4 ; 755.344 ; 22038.5
100.5 ; 773.143 ; 21042.1
100.6 ; 794.562 ; 20091.7
100.7 ; 819.689 ; 19185.5
100.8 ; 848.652 ; 18321.5
100.9 ; 881.615 ; 17497.9
101 ; 918.781 ; 16713.1
101.1 ; 960.389 ; 15965.3
101.2 ; 1006.72 ; 15252.9
101.3 ; 1058.08 ; 14574.4
101.4 ; 1114.84 ; 13928.2
101.5 ; 1177.38 ; 13313.1
101.6 ; 1246.17 ; 12727.6
101.7 ; 1321.69 ; 12170.4
101.8 ; 1404.48 ; 11640.4
101.9 ; 1495.14 ; 11136.3
102 ; 1594.33 ; 10656.9
102.1 ; 1702.76 ; 10201.3
102.2 ; 1821.21 ; 9768.47
102.3 ; 1950.56 ; 9357.34
102.4 ; 2091.72 ; 8967.02
102.5 ; 2245.72 ; 8596.64
102.6 ; 2413.66 ; 8245.35
102.7 ; 2596.75 ; 7912.37
102.8 ; 2796.29 ; 7596.94
102.9 ; 3013.69 ; 7298.35
103 ; 3250.5 ; 7015.91
103.1 ; 3508.36 ; 6748.98
103.2 ; 3789.08 ; 6496.95
103.3 ; 4094.58 ; 6259.25
103.4 ; 4426.95 ; 6035.32
103.5 ; 4788.42 ; 5824.66
103.6 ; 5181.41 ; 5626.78
103.7 ; 5608.46 ; 5441.22
103.8 ; 6072.34 ; 5267.54
103.9 ; 6575.95 ; 5105.34
104 ; 7122.38 ; 4954.22
104.1 ; 7714.89 ; 4813.84
104.2 ; 8356.93 ; 4683.85
104.3 ; 9052.08 ; 4563.93
104.4 ; 9804.08 ; 4453.78
104.5 ; 10616.8 ; 4353.11
104.6 ; 11494.2 ; 4261.67
104.7 ; 12440.3 ; 4179.21
104.8 ; 13459.2 ; 4105.49
104.9 ; 14555 ; 4040.3
105 ; 15731.7 ; 3983.43
105.1 ; 16993.1 ; 3934.7
105.2 ; 18342.9 ; 3893.92
105.3 ; 19784.6 ; 3860.93
105.4 ; 21321.1 ; 3835.58
105.5 ; 22954.9 ; 3817.71
105.6 ; 24688.3 ; 3807.2
105.7 ; 26522.3 ; 3803.91
105.8 ; 28457.6 ; 3807.74
105.9 ; 30493.9 ; 3818.58
106 ; 32629.8 ; 3836.32
106.1 ; 34862.9 ; 3860.88
106.2 ; 37189.7 ; 3892.18
106.3 ; 39605.4 ; 3930.15
106.4 ; 42104 ; 3974.71
106.5 ; 44678.2 ; 4025.83
106.6 ; 47319.5 ; 4083.44
106.7 ; 50018.3 ; 4147.51
106.8 ; 52763.8 ; 4218.02
106.9 ; 55544.6 ; 4294.93
107 ; 58348.1 ; 4378.25
107.1 ; 61161.4 ; 4467.97
107.2 ; 63971.4 ; 4564.09
107.3 ; 66764.6 ; 4666.63
107.4 ; 69527.9 ; 4775.63
107.5 ; 72248.5 ; 4891.1
107.6 ; 74914.2 ; 5013.11
107.7 ; 77513.8 ; 5141.7
107.8 ; 80036.9 ; 5276.94
107.9 ; 82474.4 ; 5418.91
108 ; 84818.4 ; 5567.67
108.1 ; 87062.4 ; 5723.34
108.2 ; 89201 ; 5886.01
108.3 ; 91230.5 ; 6055.79
108.4 ; 93148.1 ; 6232.81
108.5 ; 94952.5 ; 6417.2
108.6 ; 96643.5 ; 6609.09
108.7 ; 98221.6 ; 6808.65
108.8 ; 99688.5 ; 7016.02
108.9 ; 101046 ; 7231.38
109 ; 102299 ; 7454.9
109.1 ; 103448 ; 7686.78
109.2 ; 104499 ; 7927.21
109.3 ; 105456 ; 8176.4
109.4 ; 106322 ; 8434.56
109.5 ; 107102 ; 8701.91
109.6 ; 107802 ; 8978.7
109.7 ; 108424 ; 9265.16
109.8 ; 108974 ; 9561.55
109.9 ; 109455 ; 9868.12
110 ; 109872 ; 10185.2
110.1 ; 110229 ; 10512.9
110.2 ; 110529 ; 10851.7
110.3 ; 110775 ; 11201.9
110.4 ; 110971 ; 11563.6
110.5 ; 111121 ; 11937.3
110.6 ; 111225 ; 12323.3
110.7 ; 111288 ; 12721.8
110.8 ; 111312 ; 13133.3
110.9 ; 111298 ; 13558.1
111 ; 111248 ; 13996.6
111.1 ; 111166 ; 14449.1
111.2 ; 111051 ; 14915.9
111.3 ; 110905 ; 15397.5
111.4 ; 110730 ; 15894.3
111.5 ; 110527 ; 16406.6
111.6 ; 110296 ; 16934.9
111.7 ; 110039 ; 17479.5
111.8 ; 109755 ; 18041
111.9 ; 109447 ; 18619.5
112 ; 109114 ; 19215.8
112.1 ; 108756 ; 19830
112.2 ; 108375 ; 20462.7
112.3 ; 107969 ; 21114.3
112.4 ; 107539 ; 21785.2
112.5 ; 107086 ; 22475.9
112.6 ; 106608 ; 23186.8
112.7 ; 106106 ; 23918.2
112.8 ; 105581 ; 24670.7
112.9 ; 105030 ; 25444.7
113 ; 104455 ; 26240.4
113.1 ; 103854 ; 27058.5
113.2 ; 103228 ; 27899.1
113.3 ; 102575 ; 28762.7
113.4 ; 101896 ; 29649.7
113.5 ; 101190 ; 30560.4
113.6 ; 100455 ; 31495
113.7 ; 99691.7 ; 32454
113.8 ; 98899.1 ; 33437.4
113.9 ; 98076.4 ; 34445.6
114 ; 97222.7 ; 35478.7
114.1 ; 96337.2 ; 36536.8
114.2 ; 95418.9 ; 37620.2
114.3 ; 94467.1 ; 38728.7
114.4 ; 93480.5 ; 39862.5
114.5 ; 92458.4 ; 41021.4
114.6 ; 91399.5 ; 42205.4
114.7 ; 90302.8 ; 43414.2
114.8 ; 89167.2 ; 44647.5
114.9 ; 87991.5 ; 45905
115 ; 86774.4 ; 47186.1
115.1 ; 85514.7 ; 48490.3
115.2 ; 84211.1 ; 49816.8
115.3 ; 82862.5 ; 51164.7
115.4 ; 81467.3 ; 52533
115.5 ; 80024.4 ; 53920.3
115.6 ; 78532.4 ; 55325.4
115.7 ; 76990 ; 56746.5
115.8 ; 75396 ; 58181.6
115.9 ; 73749 ; 59628.7
116 ; 72047.9 ; 61085
116.1 ; 70291.7 ; 62547.9
116.2 ; 68479.3 ; 64014
116.3 ; 66610 ; 65479.8
116.4 ; 64683.2 ; 66941
116.5 ; 62698.4 ; 68393.1
116.6 ; 60655.6 ; 69830.9
116.7 ; 58555.2 ; 71248.7
116.8 ; 56397.7 ; 72640
116.9 ; 54184.4 ; 73997.9
117 ; 51917.3 ; 75314.4
117.1 ; 49598.7 ; 76581.2
117.2 ; 47232.1 ; 77788.7
117.3 ; 44821.8 ; 78926.9
117.4 ; 42373.3 ; 79984.5
117.5 ; 39893 ; 80949.9
117.6 ; 37389.2 ; 81810.3
117.7 ; 34871.1 ; 82552.3
117.8 ; 32349.8 ; 83162
117.9 ; 29838 ; 83625
118 ; 27350.1 ; 83926.6
118.1 ; 24901.9 ; 84052.5
118.2 ; 22510.8 ; 83989
118.3 ; 20195.2 ; 83723.4
118.4 ; 17974.3 ; 83245
118.5 ; 15867.1 ; 82545.6
118.6 ; 13891.9 ; 81620.4
118.7 ; 12064.6 ; 80469.3
118.8 ; 10398.4 ; 79097.2
118.9 ; 8901.68 ; 77514.8
119 ; 7578.03 ; 75738.8
119.1 ; 6425.22 ; 73791.3
119.2 ; 5435.76 ; 71699
119.3 ; 4597.68 ; 69491.1
119.4 ; 3895.86 ; 67198.3
119.5 ; 3313.55 ; 64849.9
119.6 ; 2833.71 ; 62473.4
119.7 ; 2440.17 ; 60092.8
119.8 ; 2118.28 ; 57728.4
119.9 ; 1855.29 ; 55396.8
120 ; 1640.41 ; 53110.9
120.1 ; 1464.69 ; 50880.7
120.2 ; 1320.86 ; 48713.2
120.3 ; 1203.02 ; 46613.5
120.4 ; 1106.46 ; 44584.7
120.5 ; 1027.43 ; 42628.7
120.6 ; 962.928 ; 40746.2
120.7 ; 910.576 ; 38937
120.8 ; 868.485 ; 37200.4
120.9 ; 835.153 ; 35535.2
121 ; 809.391 ; 33939.9
121.1 ; 790.258 ; 32412.5
121.2 ; 777.011 ; 30951.1
121.3 ; 769.072 ; 29553.7
121.4 ; 765.992 ; 28217.9
121.5 ; 767.433 ; 26941.6
121.6 ; 773.149 ; 25722.7
121.7 ; 782.969 ; 24558.8
121.8 ; 796.79 ; 23447.9
121.9 ; 814.564 ; 22387.7
122 ; 836.297 ; 21376.3
122.1 ; 862.039 ; 20411.5
122.2 ; 891.884 ; 19491.6
122.3 ; 925.964 ; 18614.4
122.4 ; 964.452 ; 17778.3
122.5 ; 1007.56 ; 16981.5
122.6 ; 1055.52 ; 16222.2
122.7 ; 1108.63 ; 15498.9
122.8 ; 1167.2 ; 14809.9
122.9 ; 1231.6 ; 14153.8
123 ; 1302.23 ; 13529.2
123.1 ; 1379.52 ; 12934.7
123.2 ; 1463.96 ; 12369
123.3 ; 1556.09 ; 11830.8
123.4 ; 1656.51 ; 11318.9
123.5 ; 1765.84 ; 10832.2
123.6 ; 1884.79 ; 10369.6
123.7 ; 2014.13 ; 9930.08
123.8 ; 2154.68 ; 9512.64
123.9 ; 2307.37 ; 9116.34
124 ; 2473.16 ; 8740.29
124.1 ; 2653.15 ; 8383.63
124.2 ; 2848.48 ; 8045.57
124.3 ; 3060.44 ; 7725.33
124.4 ; 3290.37 ; 7422.19
124.5 ; 3539.78 ; 7135.45
124.6 ; 3810.25 ; 6864.46
124.7 ; 4103.52 ; 6608.61
124.8 ; 4421.45 ; 6367.3
124.9 ; 4766.04 ; 6139.97
125 ; 5139.43 ; 5926.11
125.1 ; 5543.92 ; 5725.22
125.2 ; 5981.95 ; 5536.83
125.3 ; 6456.15 ; 5360.49
125.4 ; 6969.26 ; 5195.79
125.5 ; 7524.22 ; 5042.35
125.6 ; 8124.09 ; 4899.78
125.7 ; 8772.11 ; 4767.75
125.8 ; 9471.62 ; 4645.92
125.9 ; 10226.1 ; 4533.99
126 ; 11039.2 ; 4431.68
126.1 ; 11914.5 ; 4338.71
126.2 ; 12855.8 ; 4254.83
126.3 ; 13866.9 ; 4179.8
126.4 ; 14951.4 ; 4113.4
126.5 ; 16113.1 ; 4055.44
126.6 ; 17355.6 ; 4005.7
126.7 ; 18682.1 ; 3964.01
126.8 ; 20095.9 ; 3930.21
126.9 ; 21599.7 ; 3904.13
127 ; 23196.1 ; 3885.62
127.1 ; 24886.7 ; 3874.56
127.2 ; 26673.1 ; 3870.82
127.3 ; 28555.9 ; 3874.27
127.4 ; 30534.9 ; 3884.81
127.5 ; 32609.2 ; 3902.35
127.6 ; 34776.8 ; 3926.79
127.7 ; 37034.8 ; 3958.05
127.8 ; 39379.1 ; 3996.06
127.9 ; 41804.5 ; 4040.76
128 ; 44304.8 ; 4092.08
128.1 ; 46872.4 ; 4149.99
128.2 ; 49498.7 ; 4214.44
128.3 ; 52174.2 ; 4285.41
128.4 ; 54888.3 ; 4362.87
128.5 ; 57629.5 ; 4446.81
128.6 ; 60385.9 ; 4537.23
128.7 ; 63145.1 ; 4634.14
128.8 ; 65894.3 ; 4737.56
128.9 ; 68620.8 ; 4847.5
129 ; 71312.3 ; 4964
129.1 ; 73956.6 ; 5087.11
129.2 ; 76542.4 ; 5216.89
129.3 ; 79059.1 ; 5353.38
129.4 ; 81497.4 ; 5496.67
129.5 ; 83848.7 ; 5646.85
129.6 ; 86105.8 ; 5803.99
129.7 ; 88263 ; 5968.21
129.8 ; 90315.5 ; 6139.6
129.9 ; 92260.1 ; 6318.31
130 ; 94094.5 ; 6504.44
130.1 ; 95817.8 ; 6698.15
130.2 ; 97430 ; 6899.58
130.3 ; 98932 ; 7108.89
130.4 ; 100326 ; 7326.25
130.5 ; 101613 ; 7551.83
130.6 ; 102798 ; 7785.81
130.7 ; 103884 ; 8028.4
130.8 ; 104874 ; 8279.8
130.9 ; 105772 ; 8540.22
131 ; 106583 ; 8809.87
131.1 ; 107312 ; 9089
131.2 ; 107961 ; 9377.84
131.3 ; 108537 ; 9676.64
131.4 ; 109042 ; 9985.66
131.5 ; 109481 ; 10305.2
131.6 ; 109858 ; 10635.4
131.7 ; 110176 ; 10976.7
131.8 ; 110439 ; 11329.3
131.9 ; 110651 ; 11693.6
132 ; 110814 ; 12069.8
132.1 ; 110930 ; 12458.2
132.2 ; 111004 ; 12859.2
132.3 ; 111037 ; 13273.1
132.4 ; 111032 ; 13700.3
132.5 ; 110989 ; 14141.1
132.6 ; 110912 ; 14595.7
132.7 ; 110803 ; 15064.7
132.8 ; 110661 ; 15548.4
132.9 ; 110489 ; 16047.1
133 ; 110288 ; 16561.2
133.1 ; 110059 ; 17091
133.2 ; 109802 ; 17637.1
133.3 ; 109520 ; 18199.7
133.4 ; 109211 ; 18779.3
133.5 ; 108877 ; 19376.1
133.6 ; 108517 ; 19990.8
133.7 ; 108134 ; 20623.5
133.8 ; 107725 ; 21274.7
133.9 ; 107293 ; 21944.9
134 ; 106836 ; 22634.3
134.1 ; 106356 ; 23343.4
134.2 ; 105850 ; 24072.6
134.3 ; 105321 ; 24822.1
134.4 ; 104767 ; 25592.4
134.5 ; 104187 ; 26383.9
134.6 ; 103583 ; 27196.8
134.7 ; 102953 ; 28031.5
134.8 ; 102297 ; 28888.4
134.9 ; 101614 ; 29767.7
135 ; 100904 ; 30669.7
135.1 ; 100167 ; 31594.7
135.2 ; 99401.4 ; 32543
135.3 ; 98606.7 ; 33514.8
135.4 ; 97782.4 ; 34510.3
135.5 ; 96927.7 ; 35529.8
135.6 ; 96041.6 ; 36573.2
135.7 ; 95123.5 ; 37640.8
135.8 ; 94172.2 ; 38732.6
135.9 ; 93187 ; 39848.5
136 ; 92166.7 ; 40988.6
136.1 ; 91110.4 ; 42152.7
136.2 ; 90017.1 ; 43340.7
136.3 ; 88885.5 ; 44552.1
136.4 ; 87714.6 ; 45786.6
136.5 ; 86503.1 ; 47043.7
136.6 ; 85250 ; 48322.8
136.7 ; 83953.9 ; 49623.2
136.8 ; 82613.7 ; 50943.9
136.9 ; 81228 ; 52283.8
137 ; 79795.8 ; 53641.6
137.1 ; 78315.7 ; 55016
137.2 ; 76786.6 ; 56405
137.3 ; 75207.3 ; 57806.9
137.4 ; 73576.9 ; 59219.2
137.5 ; 71894.2 ; 60639.5
137.6 ; 70158.4 ; 62064.8
137.7 ; 68368.8 ; 63492
137.8 ; 66524.9 ; 64917.3
137.9 ; 64626.1 ; 66336.7
138 ; 62672.4 ; 67745.7
138.1 ; 60664 ; 69139.2
138.2 ; 58601.3 ; 70511.6
138.3 ; 56485.3 ; 71856.9
138.4 ; 54317.5 ; 73168.4
138.5 ; 52099.7 ; 74438.6
138.6 ; 49834.5 ; 75659.5
138.7 ; 47525.4 ; 76822.6
138.8 ; 45176.4 ; 77918.5
138.9 ; 42792.5 ; 78937.1
139 ; 40379.8 ; 79867.9
139.1 ; 37945.3 ; 80699.5
139.2 ; 35497.5 ; 81420.3
139.3 ; 33045.7 ; 82018
139.4 ; 30600.7 ; 82480.2
139.5 ; 28174.7 ; 82794.2
139.6 ; 25781 ; 82947.5
139.7 ; 23434.4 ; 82928
139.8 ; 21150.7 ; 82724.1
139.9 ; 18946.5 ; 82325.7
140 ; 16839.3 ; 81724
140.1 ; 14846 ; 80913
140.2 ; 12982.9 ; 79889.8
140.3 ; 11264.4 ; 78655.3
140.4 ; 9701.6 ; 77215.7
140.5 ; 8301.74 ; 75582.1
140.6 ; 7067.08 ; 73771.4
140.7 ; 5994.65 ; 71805.1
140.8 ; 5076.58 ; 69709.1
140.9 ; 4300.89 ; 67511.4
141 ; 3652.87 ; 65240.8
141.1 ; 3116.41 ; 62925.1
141.2 ; 2675.34 ; 60589.8
141.3 ; 2314.41 ; 58257.1
141.4 ; 2019.94 ; 55945.7
141.5 ; 1780.05 ; 53670.7
141.6 ; 1584.74 ; 51443.9
141.7 ; 1425.77 ; 49274
141.8 ; 1296.44 ; 47167.4
141.9 ; 1191.35 ; 45128.5
142 ; 1106.18 ; 43159.9
142.1 ; 1037.5 ; 41263
142.2 ; 982.58 ; 39438.4
142.3 ; 939.271 ; 37685.6
142.4 ; 905.858 ; 36003.9
142.5 ; 880.992 ; 34391.8
142.6 ; 863.608 ; 32847.7
142.7 ; 852.872 ; 31369.8
142.8 ; 848.132 ; 29956.1
142.9 ; 848.888 ; 28604.4
143 ; 854.762 ; 27312.8
143.1 ; 865.476 ; 26078.8
143.2 ; 880.837 ; 24900.5
143.3 ; 900.724 ; 23775.6
143.4 ; 925.076 ; 22702.1
143.5 ; 953.888 ; 21677.7
143.6 ; 987.201 ; 20700.6
143.7 ; 1025.1 ; 19768.8
143.8 ; 1067.71 ; 18880.4
143.9 ; 1115.19 ; 18033.4
144 ; 1167.75 ; 17226.2
144.1 ; 1225.62 ; 16457.1
144.2 ; 1289.07 ; 15724.4
144.3 ; 1358.42 ; 15026.5
144.4 ; 1434 ; 14361.9
144.5 ; 1516.22 ; 13729.2
144.6 ; 1605.51 ; 13127
144.7 ; 1702.33 ; 12554
144.8 ; 1807.22 ; 12008.9
144.9 ; 1920.75 ; 11490.5
145 ; 2043.55 ; 10997.6
145.1 ; 2176.33 ; 10529.1
145.2 ; 2319.83 ; 10084.1
145.3 ; 2474.88 ; 9661.41
145.4 ; 2642.37 ; 9260.19
145.5 ; 2823.29 ; 8879.51
145.6 ; 3018.7 ; 8518.5
145.7 ; 3229.75 ; 8176.36
145.8 ; 3457.69 ; 7852.29
145.9 ; 3703.85 ; 7545.57
146 ; 3969.71 ; 7255.49
146.1 ; 4256.82 ; 6981.39
146.2 ; 4566.86 ; 6722.63
146.3 ; 4901.65 ; 6478.64
146.4 ; 5263.11 ; 6248.83
146.5 ; 5653.31 ; 6032.67
146.6 ; 6074.44 ; 5829.67
146.7 ; 6528.82 ; 5639.35
146.8 ; 7018.94 ; 5461.26
146.9 ; 7547.38 ; 5294.97
147 ; 8116.88 ; 5140.08
147.1 ; 8730.31 ; 4996.23
147.2 ; 9390.64 ; 4863.05
147.3 ; 10101 ; 4740.22
147.4 ; 10864.5 ; 4627.42
147.5 ; 11684.5 ; 4524.37
147.6 ; 12564.2 ; 4430.78
147.7 ; 13507.2 ; 4346.41
147.8 ; 14516.7 ; 4271
147.9 ; 15596.1 ; 4204.34
148 ; 16748.7 ; 4146.22
148.1 ; 17977.6 ; 4096.43
148.2 ; 19285.9 ; 4054.8
148.3 ; 20676.4 ; 4021.16
148.4 ; 22151.6 ; 3995.35
148.5 ; 23713.6 ; 3977.21
148.6 ; 25364.3 ; 3966.62
148.7 ; 27104.8 ; 3963.44
148.8 ; 28935.9 ; 3967.57
148.9 ; 30857.6 ; 3978.89
149 ; 32869.1 ; 3997.3
149.1 ; 34969 ; 4022.71
149.2 ; 37154.7 ; 4055.06
149.3 ; 39423.1 ; 4094.25
149.4 ; 41769.6 ; 4140.24
149.5 ; 44188.8 ; 4192.96
149.6 ; 46674.4 ; 4252.37
149.7 ; 49218.8 ; 4318.43
149.8 ; 51813.5 ; 4391.12
149.9 ; 54449 ; 4470.41
150 ; 57115.2 ; 4556.29
150.1 ; 59801.1 ; 4648.76
150.2 ; 62495.1 ; 4747.83
150.3 ; 65185.4 ; 4853.52
150.4 ; 67860 ; 4965.84
150.5 ; 70506.9 ; 5084.84
150.6 ; 73114.3 ; 5210.56
150.7 ; 75671.1 ; 5343.05
150.8 ; 78166.6 ; 5482.37
150.9 ; 80591.1 ; 5628.6
151 ; 82935.8 ; 5781.81
151.1 ; 85193 ; 5942.11
151.2 ; 87356.3 ; 6109.59
151.3 ; 89420.4 ; 6284.35
151.4 ; 91381.1 ; 6466.52
151.5 ; 93235.6 ; 6656.24
151.6 ; 94982.1 ; 6853.62
151.7 ; 96620 ; 7058.83
151.8 ; 98149.6 ; 7272.01
151.9 ; 99572 ; 7493.33
152 ; 100889 ; 7722.97
152.1 ; 102104 ; 7961.1
152.2 ; 103218 ; 8207.92
152.3 ; 104237 ; 8463.63
152.4 ; 105163 ; 8728.43
152.5 ; 106001 ; 9002.55
152.6 ; 106754 ; 9286.2
152.7 ; 107428 ; 9579.62
152.8 ; 108025 ; 9883.05
152.9 ; 108551 ; 10196.7
153 ; 109008 ; 10520.9
153.1 ; 109402 ; 10855.9
153.2 ; 109736 ; 11202
153.3 ; 110013 ; 11559.3
153.4 ; 110236 ; 11928.3
153.5 ; 110409 ; 12309.2
153.6 ; 110535 ; 12702.3
153.7 ; 110617 ; 13107.9
153.8 ; 110656 ; 13526.3
153.9 ; 110655 ; 13957.8
154 ; 110616 ; 14402.8
154.1 ; 110542 ; 14861.6
154.2 ; 110433 ; 15334.5
154.3 ; 110292 ; 15821.8
154.4 ; 110120 ; 16323.9
154.5 ; 109918 ; 16841.1
154.6 ; 109686 ; 17373.7
154.7 ; 109427 ; 17922.1
154.8 ; 109141 ; 18486.7
154.9 ; 108828 ; 19067.7
155 ; 108489 ; 19665.5
155.1 ; 108125 ; 20280.5
155.2 ; 107736 ; 20913
155.3 ; 107322 ; 21563.3
155.4 ; 106884 ; 22231.9
155.5 ; 106422 ; 22919
155.6 ; 105935 ; 23625
155.7 ; 105424 ; 24350.2
155.8 ; 104888 ; 25095.1
155.9 ; 104328 ; 25859.8
156 ; 103743 ; 26644.9
156.1 ; 103133 ; 27450.7
156.2 ; 102498 ; 28277.3
156.3 ; 101837 ; 29125.3
156.4 ; 101149 ; 29994.9
156.5 ; 100435 ; 30886.4
156.6 ; 99692.9 ; 31800.1
156.7 ; 98923.1 ; 32736.3
156.8 ; 98124.7 ; 33695.1
156.9 ; 97296.8 ; 34676.8
157 ; 96438.9 ; 35681.5
157.1 ; 95549.9 ; 36709.4
157.2 ; 94629.2 ; 37760.5
157.3 ; 93675.8 ; 38835
157.4 ; 92688.8 ; 39932.6
157.5 ; 91667.2 ; 41053.5
157.6 ; 90610 ; 42197.3
157.7 ; 89516.1 ; 43363.8
157.8 ; 88384.7 ; 44552.6
157.9 ; 87214.5 ; 45763.3
158 ; 86004.5 ; 46995.3
158.1 ; 84753.5 ; 48247.8
158.2 ; 83460.6 ; 49520
158.3 ; 82124.6 ; 50810.8
158.4 ; 80744.5 ; 52119
158.5 ; 79319.1 ; 53443.2
158.6 ; 77847.5 ; 54781.9
158.7 ; 76328.7 ; 56133.2
158.8 ; 74761.8 ; 57495
158.9 ; 73145.9 ; 58865.1
159 ; 71480.2 ; 60240.7
159.1 ; 69764.3 ; 61619.1
159.2 ; 67997.5 ; 62996.9
159.3 ; 66179.5 ; 64370.4
159.4 ; 64310.5 ; 65735.7
159.5 ; 62390.4 ; 67088.4
159.6 ; 60419.8 ; 68423.5
159.7 ; 58399.4 ; 69735.7
159.8 ; 56330.5 ; 71019.3
159.9 ; 54214.7 ; 72268
160 ; 52054 ; 73474.9
160.1 ; 49851.1 ; 74632.9
160.2 ; 47609.2 ; 75733.9
160.3 ; 45332.2 ; 76769.8
160.4 ; 43024.7 ; 77731.7
160.5 ; 40692 ; 78610.5
160.6 ; 38340.2 ; 79396.5
160.7 ; 35976.2 ; 80079.8
160.8 ; 33607.9 ; 80650.2
160.9 ; 31244.2 ; 81097.1
161 ; 28894.8 ; 81409.9
161.1 ; 26570.9 ; 81577.8
161.2 ; 24284.6 ; 81590.3
161.3 ; 22049.3 ; 81437.1
161.4 ; 19879.4 ; 81108.3
161.5 ; 17790.1 ; 80595.4
161.6 ; 15797.3 ; 79891.1
161.7 ; 13916.5 ; 78990.7
161.8 ; 12162.5 ; 77892.2
161.9 ; 10548.2 ; 76597.4
162 ; 9083.73 ; 75112.7
162.1 ; 7775.1 ; 73449.5
162.2 ; 6623.77 ; 71624.3
162.3 ; 5626.28 ; 69658
162.4 ; 4774.59 ; 67575.4
162.5 ; 4056.9 ; 65403.2
162.6 ; 3458.98 ; 63168.6
162.7 ; 2965.44 ; 60897.7
162.8 ; 2560.96 ; 58614.1
162.9 ; 2231.22 ; 56338.6
163 ; 1963.41 ; 54088.2
163.1 ; 1746.49 ; 51876.9
163.2 ; 1571.2 ; 49715.1
163.3 ; 1429.9 ; 47611
163.4 ; 1316.44 ; 45570
163.5 ; 1225.84 ; 43596.1
163.6 ; 1154.14 ; 41691.4
163.7 ; 1098.21 ; 39857.1
163.8 ; 1055.54 ; 38093.4
163.9 ; 1024.18 ; 36399.9
164 ; 1002.56 ; 34775.4
164.1 ; 989.464 ; 33218.8
164.2 ; 983.926 ; 31728.2
164.3 ; 985.196 ; 30301.8
164.4 ; 992.691 ; 28937.6
164.5 ; 1005.97 ; 27633.7
164.6 ; 1024.7 ; 26387.8
164.7 ; 1048.64 ; 25197.8
164.8 ; 1077.63 ; 24061.7
164.9 ; 1111.58 ; 22977.2
165 ; 1150.46 ; 21942.4
165.1 ; 1194.29 ; 20955.3
165.2 ; 1243.12 ; 20013.8
165.3 ; 1297.07 ; 19116.2
165.4 ; 1356.29 ; 18260.4
165.5 ; 1420.96 ; 17444.9
165.6 ; 1491.33 ; 16667.7
165.7 ; 1567.64 ; 15927.4
165.8 ; 1650.22 ; 15222.3
165.9 ; 1739.42 ; 14550.9
166 ; 1835.63 ; 13911.7
166.1 ; 1939.3 ; 13303.4
166.2 ; 2050.9 ; 12724.6
166.3 ; 2170.99 ; 12174.1
166.4 ; 2300.15 ; 11650.5
166.5 ; 2439.03 ; 11152.8
166.6 ; 2588.35 ; 10679.9
166.7 ; 2748.87 ; 10230.6
166.8 ; 2921.44 ; 9804.01
166.9 ; 3106.97 ; 9399.14
167 ; 3306.45 ; 9015.07
167.1 ; 3520.95 ; 8650.93
167.2 ; 3751.61 ; 8305.89
167.3 ; 3999.69 ; 7979.17
167.4 ; 4266.51 ; 7670.03
167.5 ; 4553.5 ; 7377.75
167.6 ; 4862.2 ; 7101.66
167.7 ; 5194.22 ; 6841.13
167.8 ; 5551.33 ; 6595.56
167.9 ; 5935.35 ; 6364.37
168 ; 6348.26 ; 6147.02
168.1 ; 6792.13 ; 5943
168.2 ; 7269.14 ; 5751.84
168.3 ; 7781.59 ; 5573.07
168.4 ; 8331.89 ; 5406.27
168.5 ; 8922.53 ; 5251.04
168.6 ; 9556.14 ; 5106.99
168.7 ; 10235.4 ; 4973.76
168.8 ; 10963.1 ; 4851.03
168.9 ; 11742.1 ; 4738.46
169 ; 12575.3 ; 4635.78
169.1 ; 13465.6 ; 4542.69
169.2 ; 14415.9 ; 4458.95
169.3 ; 15429.3 ; 4384.3
169.4 ; 16508.6 ; 4318.52
169.5 ; 17656.7 ; 4261.4
169.6 ; 18876.3 ; 4212.74
169.7 ; 20170 ; 4172.36
169.8 ; 21540.2 ; 4140.08
169.9 ; 22989 ; 4115.74
170 ; 24518.5 ; 4099.21
170.1 ; 26130.1 ; 4090.34
170.2 ; 27824.9 ; 4089
170.3 ; 29603.7 ; 4095.08
170.4 ; 31466.5 ; 4108.48
170.5 ; 33412.8 ; 4129.09
170.6 ; 35441.6 ; 4156.84
170.7 ; 37550.9 ; 4191.64
170.8 ; 39737.9 ; 4233.42
170.9 ; 41999.1 ; 4282.11
171 ; 44330 ; 4337.68
171.1 ; 46725.1 ; 4400.07
171.2 ; 49177.9 ; 4469.25
171.3 ; 51681.3 ; 4545.19
171.4 ; 54226.8 ; 4627.87
171.5 ; 56805.5 ; 4717.28
171.6 ; 59407.4 ; 4813.43
171.7 ; 62022.2 ; 4916.32
171.8 ; 64638.9 ; 5025.96
171.9 ; 67246.4 ; 5142.39
172 ; 69833.2 ; 5265.63
172.1 ; 72388.2 ; 5395.74
172.2 ; 74900.3 ; 5532.76
172.3 ; 77359.1 ; 5676.76
172.4 ; 79754.8 ; 5827.81
172.5 ; 82078.3 ; 5985.99
172.6 ; 84321.6 ; 6151.39
172.7 ; 86477.7 ; 6324.1
172.8 ; 88540.6 ; 6504.24
172.9 ; 90505.6 ; 6691.93
173 ; 92369.1 ; 6887.28
173.1 ; 94128.7 ; 7090.43
173.2 ; 95782.9 ; 7301.52
173.3 ; 97331.3 ; 7520.71
173.4 ; 98774.5 ; 7748.14
173.5 ; 100114 ; 7984
173.6 ; 101351 ; 8228.45
173.7 ; 102489 ; 8481.68
173.8 ; 103530 ; 8743.87
173.9 ; 104478 ; 9015.23
174 ; 105338 ; 9295.95
174.1 ; 106111 ; 9586.26
174.2 ; 106804 ; 9886.36
174.3 ; 107419 ; 10196.5
174.4 ; 107961 ; 10516.9
174.5 ; 108433 ; 10847.7
174.6 ; 108840 ; 11189.3
174.7 ; 109185 ; 11541.9
174.8 ; 109472 ; 11905.7
174.9 ; 109703 ; 12281
175 ; 109883 ; 12668
175.1 ; 110014 ; 13067.1
175.2 ; 110099 ; 13478.4
175.3 ; 110141 ; 13902.2
175.4 ; 110142 ; 14338.9
175.5 ; 110103 ; 14788.7
175.6 ; 110028 ; 15251.8
175.7 ; 109918 ; 15728.7
175.8 ; 109774 ; 16219.4
175.9 ; 109598 ; 16724.5
176 ; 109392 ; 17244.1
176.1 ; 109156 ; 17778.5
176.2 ; 108891 ; 18328.1
176.3 ; 108599 ; 18893.3
176.4 ; 108281 ; 19474.2
176.5 ; 107936 ; 20071.4
176.6 ; 107565 ; 20685
176.7 ; 107169 ; 21315.5
176.8 ; 106749 ; 21963.3
176.9 ; 106304 ; 22628.6
177 ; 105834 ; 23311.9
177.1 ; 105340 ; 24013.4
177.2 ; 104821 ; 24733.6
177.3 ; 104279 ; 25472.9
177.4 ; 103711 ; 26231.4
177.5 ; 103119 ; 27009.7
177.6 ; 102501 ; 27808.1
177.7 ; 101858 ; 28626.8
177.8 ; 101190 ; 29466.2
177.9 ; 100495 ; 30326.5
178 ; 99772.8 ; 31208.2
178.1 ; 99023.5 ; 32111.3
178.2 ; 98246.2 ; 33036.2
178.3 ; 97440.3 ; 33983
178.4 ; 96605 ; 34951.8
178.5 ; 95739.6 ; 35942.8
178.6 ; 94843.3 ; 36956
178.7 ; 93915.5 ; 37991.4
178.8 ; 92955.1 ; 39048.9
178.9 ; 91961.4 ; 40128.3
179 ; 90933.6 ; 41229.4
179.1 ; 89870.7 ; 42352
179.2 ; 88771.8 ; 43495.5
179.3 ; 87636 ; 44659.5
179.4 ; 86462.3 ; 45843.4
179.5 ; 85249.9 ; 47046.4
179.6 ; 83997.8 ; 48267.8
179.7 ; 82705 ; 49506.4
179.8 ; 81370.7 ; 50761.3
179.9 ; 79993.9 ; 52031
180 ; 78573.7 ; 53314.1
180.1 ; 77109.4 ; 54608.9
180.2 ; 75600.2 ; 55913.4
180.3 ; 74045.4 ; 57225.5
180.4 ; 72444.5 ; 58542.9
180.5 ; 70797.1 ; 59862.7
180.6 ; 69102.8 ; 61182.1
180.7 ; 67361.5 ; 62497.8
180.8 ; 65573.3 ; 63806.2
180.9 ; 63738.4 ; 65103.5
181 ; 61857.3 ; 66385.3
181.1 ; 59930.7 ; 67647
181.2 ; 57959.8 ; 68883.7
181.3 ; 55946 ; 70090
181.4 ; 53891.1 ; 71260.2
181.5 ; 51797.2 ; 72388.2
181.6 ; 49666.9 ; 73467.5
181.7 ; 47503.2 ; 74491.4
181.8 ; 45309.4 ; 75453
181.9 ; 43089.4 ; 76344.8
182 ; 40847.7 ; 77159.2
182.1 ; 38589.1 ; 77888.3
182.2 ; 36319.4 ; 78523.9
182.3 ; 34044.7 ; 79057.4
182.4 ; 31772.3 ; 79480.2
182.5 ; 29510.2 ; 79783
182.6 ; 27267.4 ; 79956.8
182.7 ; 25054.1 ; 79992.1
182.8 ; 22881.2 ; 79879.9
182.9 ; 20761.1 ; 79611.1
183 ; 18706.9 ; 79177.3
183.1 ; 16732.7 ; 78570.9
183.2 ; 14853 ; 77785.8
183.3 ; 13082.2 ; 76817.9
183.4 ; 11434 ; 75665.8
183.5 ; 9920.12 ; 74331.8
183.6 ; 8549.74 ; 72822.2
183.7 ; 7328.13 ; 71148.4
183.8 ; 6256.15 ; 69326.4
183.9 ; 5330.02 ; 67376.3
184 ; 4541.69 ; 65321.8
184.1 ; 3879.64 ; 63188.2
184.2 ; 3330.17 ; 61001.1
184.3 ; 2878.61 ; 58785.1
184.4 ; 2510.5 ; 56562.2
184.5 ; 2212.35 ; 54351.6
184.6 ; 1972.2 ; 52169
184.7 ; 1779.75 ; 50027.1
184.8 ; 1626.4 ; 47935.6
184.9 ; 1505.07 ; 45901.7
185 ; 1410.06 ; 43930.4
185.1 ; 1336.77 ; 42025.1
185.2 ; 1281.54 ; 40187.6
185.3 ; 1241.47 ; 38418.8
185.4 ; 1214.27 ; 36718.7
185.5 ; 1198.11 ; 35086.9
185.6 ; 1191.56 ; 33522.1
185.7 ; 1193.49 ; 32022.9
185.8 ; 1203.03 ; 30587.8
185.9 ; 1219.48 ; 29214.8
186 ; 1242.32 ; 27902
186.1 ; 1271.15 ; 26647.3
186.2 ; 1305.68 ; 25448.8
186.3 ; 1345.72 ; 24304.3
186.4 ; 1391.14 ; 23211.7
186.5 ; 1441.89 ; 22169.1
186.6 ; 1497.99 ; 21174.5
186.7 ; 1559.48 ; 20225.8
186.8 ; 1626.48 ; 19321.2
186.9 ; 1699.16 ; 18458.9
187 ; 1777.71 ; 17637.1
187.1 ; 1862.38 ; 16854.1
187.2 ; 1953.46 ; 16108.1
187.3 ; 2051.29 ; 15397.8
187.4 ; 2156.25 ; 14721.4
187.5 ; 2268.76 ; 14077.5
187.6 ; 2389.3 ; 13464.9
187.7 ; 2518.38 ; 12882
187.8 ; 2656.57 ; 12327.6
187.9 ; 2804.5 ; 11800.6
188 ; 2962.85 ; 11299.6
188.1 ; 3132.34 ; 10823.7
188.2 ; 3313.79 ; 10371.7
188.3 ; 3508.04 ; 9942.7
188.4 ; 3716.02 ; 9535.61
188.5 ; 3938.73 ; 9149.57
188.6 ; 4177.23 ; 8783.68
188.7 ; 4432.68 ; 8437.13
188.8 ; 4706.29 ; 8109.12
188.9 ; 4999.36 ; 7798.9
189 ; 5313.29 ; 7505.75
189.1 ; 5649.55 ; 7229
189.2 ; 6009.69 ; 6968
189.3 ; 6395.38 ; 6722.15
189.4 ; 6808.35 ; 6490.87
189.5 ; 7250.42 ; 6273.61
189.6 ; 7723.52 ; 6069.87
189.7 ; 8229.65 ; 5879.15
189.8 ; 8770.9 ; 5701
189.9 ; 9349.42 ; 5534.98
190 ; 9967.45 ; 5380.69
190.1 ; 10627.3 ; 5237.74
190.2 ; 11331.4 ; 5105.77
190.3 ; 12082 ; 4984.43
190.4 ; 12881.7 ; 4873.43
190.5 ; 13732.9 ; 4772.44
190.6 ; 14638.2 ; 4681.2
190.7 ; 15600 ; 4599.44
190.8 ; 16620.8 ; 4526.91
190.9 ; 17703 ; 4463.4
191 ; 18849 ; 4408.68
191.1 ; 20061.1 ; 4362.56
191.2 ; 21341.4 ; 4324.85
191.3 ; 22692 ; 4295.38
191.4 ; 24114.6 ; 4274
191.5 ; 25610.9 ; 4260.55
191.6 ; 27182.3 ; 4254.91
191.7 ; 28829.6 ; 4256.94
191.8 ; 30553.6 ; 4266.54
191.9 ; 32354.5 ; 4283.6
192 ; 34232 ; 4308.02
192.1 ; 36185.2 ; 4339.72
192.2 ; 38212.8 ; 4378.62
192.3 ; 40312.6 ; 4424.66
192.4 ; 42481.8 ; 4477.78
192.5 ; 44716.6 ; 4537.93
192.6 ; 47012.7 ; 4605.06
192.7 ; 49364.7 ; 4679.14
192.8 ; 51766.4 ; 4760.14
192.9 ; 54210.7 ; 4848.06
193 ; 56689.7 ; 4942.88
193.1 ; 59194.8 ; 5044.6
193.2 ; 61716.7 ; 5153.23
193.3 ; 64245.6 ; 5268.79
193.4 ; 66771 ; 5391.29
193.5 ; 69282.5 ; 5520.79
193.6 ; 71769.4 ; 5657.32
193.7 ; 74221.2 ; 5800.92
193.8 ; 76627.7 ; 5951.67
193.9 ; 78979.2 ; 6109.62
194 ; 81266.4 ; 6274.87
194.1 ; 83481.1 ; 6447.48
194.2 ; 85615.8 ; 6627.55
194.3 ; 87664.1 ; 6815.19
194.4 ; 89620.7 ; 7010.5
194.5 ; 91481.2 ; 7213.59
194.6 ; 93242.5 ; 7424.6
194.7 ; 94902.5 ; 7643.66
194.8 ; 96459.9 ; 7870.89
194.9 ; 97914.7 ; 8106.45
195 ; 99267.4 ; 8350.48
195.1 ; 100520 ; 8603.15
195.2 ; 101673 ; 8864.6
195.3 ; 102731 ; 9135.02
195.4 ; 103695 ; 9414.58
195.5 ; 104570 ; 9703.45
195.6 ; 105359 ; 10001.8
195.7 ; 106065 ; 10309.9
195.8 ; 106693 ; 10627.8
195.9 ; 107246 ; 10955.7
196 ; 107729 ; 11294
196.1 ; 108145 ; 11642.7
196.2 ; 108498 ; 12002.1
196.3 ; 108791 ; 12372.4
196.4 ; 109027 ; 12753.8
196.5 ; 109211 ; 13146.5
196.6 ; 109345 ; 13550.8
196.7 ; 109431 ; 13967
196.8 ; 109473 ; 14395.1
196.9 ; 109473 ; 14835.7
197 ; 109433 ; 15288.8
197.1 ; 109355 ; 15754.8
197.2 ; 109242 ; 16234
197.3 ; 109094 ; 16726.7
197.4 ; 108914 ; 17233.1
197.5 ; 108702 ; 17753.7
197.6 ; 108461 ; 18288.7
197.7 ; 108190 ; 18838.5
197.8 ; 107891 ; 19403.4
197.9 ; 107565 ; 19983.8
198 ; 107213 ; 20580
198.1 ; 106834 ; 21192.3
198.2 ; 106430 ; 21821.1
198.3 ; 106001 ; 22466.8
198.4 ; 105546 ; 23129.7
198.5 ; 105067 ; 23810.1
198.6 ; 104563 ; 24508.5
198.7 ; 104035 ; 25225.2
198.8 ; 103481 ; 25960.5
198.9 ; 102903 ; 26714.7
199 ; 102299 ; 27488.2
199.1 ; 101670 ; 28281.2
199.2 ; 101016 ; 29094
199.3 ; 100335 ; 29926.8
199.4 ; 99627.3 ; 30779.8
199.5 ; 98892.8 ; 31653.2
199.6 ; 98130.9 ; 32547.1
199.7 ; 97340.9 ; 33461.7
199.8 ; 96522.3 ; 34397
199.9 ; 95674.5 ; 35352.9
200 ; 94796.7 ; 36329.6
