0 ; 15373.8 ; 44224.4
0.05 ; 15370.4 ; 44188
0.1 ; 15367.4 ; 44151.4
0.15 ; 15365 ; 44114.8
0.2 ; 15363.1 ; 44078.1
0.25 ; 15361.7 ; 44041.4
0.3 ; 15360.9 ; 44004.7
0.35 ; 15360.5 ; 43968.1
0.4 ; 15360.7 ; 43931.5
0.45 ; 15361.4 ; 43895
0.5 ; 15362.6 ; 43858.7
0.55 ; 15364.4 ; 43822.5
0.6 ; 15366.6 ; 43786.5
0.65 ; 15369.4 ; 43750.8
0.7 ; 15372.7 ; 43715.3
0.75 ; 15376.6 ; 43680.1
0.8 ; 15380.9 ; 43645.2
0.85 ; 15385.8 ; 43610.7
0.9 ; 15391.1 ; 43576.5
0.95 ; 15397 ; 43542.8
1 ; 15403.4 ; 43509.5
1.05 ; 15410.3 ; 43476.6
1.1 ; 15417.7 ; 43444.2
1.15 ; 15425.6 ; 43412.4
1.2 ; 15434 ; 43381.1
1.25 ; 15442.9 ; 43350.3
1.3 ; 15452.3 ; 43320.2
1.35 ; 15462.2 ; 43290.6
1.4 ; 15472.5 ; 43261.7
1.45 ; 15483.3 ; 43233.4
1.5 ; 15494.5 ; 43205.9
1.55 ; 15506.3 ; 43179
1.6 ; 15518.4 ; 43152.9
1.65 ; 15531.1 ; 43127.5
1.7 ; 15544.1 ; 43102.8
1.75 ; 15557.6 ; 43079
1.8 ; 15571.5 ; 43055.9
1.85 ; 15585.8 ; 43033.7
1.9 ; 15600.6 ; 43012.3
1.95 ; 15615.7 ; 42991.8
2 ; 15631.2 ; 42972.2
2.05 ; 15647.1 ; 42953.4
2.1 ; 15663.3 ; 42935.6
2.15 ; 15680 ; 42918.6
2.2 ; 15696.9 ; 42902.7
2.25 ; 15714.2 ; 42887.6
2.3 ; 15731.9 ; 42873.5
2.35 ; 15749.8 ; 42860.5
2.4 ; 15768.1 ; 42848.3
2.45 ; 15786.6 ; 42837.2
2.5 ; 15805.4 ; 42827.1
2.55 ; 15824.5 ; 42818.1
2.6 ; 15843.8 ; 42810
2.65 ; 15863.4 ; 42803
2.7 ; 15883.2 ; 42797
2.75 ; 15903.2 ; 42792.1
2.8 ; 15923.4 ; 42788.3
2.85 ; 15943.8 ; 42785.5
2.9 ; 15964.4 ; 42783.9
2.95 ; 15985.1 ; 42783.2
3 ; 16005.9 ; 42783.7
3.05 ; 16026.9 ; 42785.3
3.1 ; 16047.9 ; 42788
3.15 ; 16069 ; 42791.7
3.2 ; 16090.2 ; 42796.6
3.25 ; 16111.5 ; 42802.6
3.3 ; 16132.8 ; 42809.7
3.35 ; 16154.1 ; 42817.8
3.4 ; 16175.4 ; 42827.1
3.45 ; 16196.6 ; 42837.5
3.5 ; 16217.9 ; 42849
3.55 ; 16239 ; 42861.6
3.6 ; 16260.1 ; 42875.3
3.65 ; 16281.1 ; 42890.1
3.7 ; 16301.9 ; 42906
3.75 ; 16322.7 ; 42922.9
3.8 ; 16343.2 ; 42941
3.85 ; 16363.6 ; 42960.1
3.9 ; 16383.8 ; 42980.3
3.95 ; 16403.7 ; 43001.5
4 ; 16423.4 ; 43023.8
4.05 ; 16442.9 ; 43047.1
4.1 ; 16462 ; 43071.5
4.15 ; 16480.9 ; 43096.9
4.2 ; 16499.4 ; 43123.2
4.25 ; 16517.6 ; 43150.6
4.3 ; 16535.4 ; 43179
4.35 ; 16552.9 ; 43208.3
4.4 ; 16569.9 ; 43238.5
4.45 ; 16586.5 ; 43269.7
4.5 ; 16602.6 ; 43301.9
4.55 ; 16618.3 ; 43334.9
4.6 ; 16633.5 ; 43368.8
4.65 ; 16648.2 ; 43403.5
4.7 ; 16662.4 ; 43439.1
4.75 ; 16676 ; 43475.5
4.8 ; 16689 ; 43512.7
4.85 ; 16701.5 ; 43550.7
4.9 ; 16713.4 ; 43589.4
4.95 ; 16724.6 ; 43628.8
5 ; 16735.2 ; 43669
5.05 ; 16745.2 ; 43709.7
5.1 ; 16754.5 ; 43751.2
5.15 ; 16763.1 ; 43793.2
5.2 ; 16771.1 ; 43835.8
5.25 ; 16778.3 ; 43878.9
5.3 ; 16784.8 ; 43922.6
5.35 ; 16790.6 ; 43966.7
5.4 ; 16795.6 ; 44011.3
5.45 ; 16799.8 ; 44056.2
5.5 ; 16803.3 ; 44101.6
5.55 ; 16806.1 ; 44147.2
5.6 ; 16808 ; 44193.2
5.65 ; 16809.1 ; 44239.4
5.7 ; 16809.5 ; 44285.8
5.75 ; 16809 ; 44332.4
5.8 ; 16807.7 ; 44379.1
5.85 ; 16805.6 ; 44425.8
5.9 ; 16802.7 ; 44472.7
5.95 ; 16799 ; 44519.5
6 ; 16794.4 ; 44566.2
6.05 ; 16789 ; 44612.9
6.1 ; 16782.8 ; 44659.4
6.15 ; 16775.8 ; 44705.7
6.2 ; 16768 ; 44751.8
6.25 ; 16759.4 ; 44797.6
6.3 ; 16749.9 ; 44843.1
6.35 ; 16739.7 ; 44888.1
6.4 ; 16728.6 ; 44932.7
6.45 ; 16716.8 ; 44976.9
6.5 ; 16704.2 ; 45020.5
6.55 ; 16690.8 ; 45063.5
6.6 ; 16676.7 ; 45105.8
6.65 ; 16661.8 ; 45147.5
6.7 ; 16646.2 ; 45188.4
6.75 ; 16629.9 ; 45228.5
6.8 ; 16612.9 ; 45267.8
6.85 ; 16595.2 ; 45306.2
6.9 ; 16576.9 ; 45343.7
6.95 ; 16557.9 ; 45380.2
7 ; 16538.3 ; 45415.6
7.05 ; 16518.1 ; 45450
7.1 ; 16497.3 ; 45483.2
7.15 ; 16475.9 ; 45515.2
7.2 ; 16454 ; 45546.1
7.25 ; 16431.6 ; 45575.6
7.3 ; 16408.6 ; 45603.9
7.35 ; 16385.2 ; 45630.8
7.4 ; 16361.4 ; 45656.3
7.45 ; 16337.2 ; 45680.4
7.5 ; 16312.5 ; 45703.1
7.55 ; 16287.5 ; 45724.2
7.6 ; 16262.1 ; 45743.8
7.65 ; 16236.5 ; 45761.9
7.7 ; 16210.5 ; 45778.3
7.75 ; 16184.3 ; 45793.2
7.8 ; 16157.9 ; 45806.3
7.85 ; 16131.3 ; 45817.9
7.9 ; 16104.5 ; 45827.7
7.95 ; 16077.5 ; 45835.8
8 ; 16050.5 ; 45842.2
8.05 ; 16023.3 ; 45846.9
8.1 ; 15996.2 ; 45849.8
8.15 ; 15968.9 ; 45850.9
8.2 ; 15941.7 ; 45850.3
8.25 ; 15914.5 ; 45847.9
8.3 ; 15887.4 ; 45843.7
8.35 ; 15860.3 ; 45837.8
8.4 ; 15833.4 ; 45830
8.45 ; 15806.6 ; 45820.5
8.5 ; 15779.9 ; 45809.2
8.55 ; 15753.5 ; 45796.1
8.6 ; 15727.3 ; 45781.4
8.65 ; 15701.3 ; 45764.8
8.7 ; 15675.5 ; 45746.6
8.75 ; 15650.1 ; 45726.6
8.8 ; 15625 ; 45705
8.85 ; 15600.2 ; 45681.7
8.9 ; 15575.8 ; 45656.8
8.95 ; 15551.7 ; 45630.3
9 ; 15528.1 ; 45602.2
9.05 ; 15504.8 ; 45572.6
9.1 ; 15482.1 ; 45541.5
9.15 ; 15459.7 ; 45508.9
9.2 ; 15437.9 ; 45474.8
9.25 ; 15416.5 ; 45439.4
9.3 ; 15395.7 ; 45402.6
9.35 ; 15375.4 ; 45364.4
9.4 ; 15355.6 ; 45325
9.45 ; 15336.4 ; 45284.4
9.5 ; 15317.8 ; 45242.5
9.55 ; 15299.8 ; 45199.6
9.6 ; 15282.3 ; 45155.5
9.65 ; 15265.5 ; 45110.3
9.7 ; 15249.3 ; 45064.2
9.75 ; 15233.7 ; 45017.1
9.8 ; 15218.8 ; 44969.2
9.85 ; 15204.6 ; 44920.3
9.9 ; 15191 ; 44870.7
9.95 ; 15178 ; 44820.3
10 ; 15165.8 ; 44769.3
10.05 ; 15154.3 ; 44717.6
10.1 ; 15143.4 ; 44665.3
10.15 ; 15133.3 ; 44612.4
10.2 ; 15123.8 ; 44559.1
10.25 ; 15115.1 ; 44505.4
10.3 ; 15107.1 ; 44451.2
10.35 ; 15099.8 ; 44396.8
10.4 ; 15093.3 ; 44342
10.45 ; 15087.5 ; 44287.1
10.5 ; 15082.4 ; 44231.9
10.55 ; 15078 ; 44176.7
10.6 ; 15074.4 ; 44121.3
10.65 ; 15071.6 ; 44066
10.7 ; 15069.5 ; 44010.7
10.75 ; 15068.1 ; 43955.4
10.8 ; 15067.5 ; 43900.3
10.85 ; 15067.6 ; 43845.3
10.9 ; 15068.4 ; 43790.6
10.95 ; 15070 ; 43736.1
11 ; 15072.4 ; 43682
11.05 ; 15075.5 ; 43628.2
11.1 ; 15079.3 ; 43574.7
11.15 ; 15083.9 ; 43521.8
11.2 ; 15089.2 ; 43469.3
11.25 ; 15095.3 ; 43417.3
11.3 ; 15102 ; 43365.9
11.35 ; 15109.6 ; 43315.2
11.4 ; 15117.8 ; 43265
11.45 ; 15126.8 ; 43215.5
11.5 ; 15136.5 ; 43166.8
11.55 ; 15146.9 ; 43118.8
11.6 ; 15158 ; 43071.6
11.65 ; 15169.8 ; 43025.2
11.7 ; 15182.3 ; 42979.7
11.75 ; 15195.5 ; 42935.1
11.8 ; 15209.4 ; 42891.4
11.85 ; 15224 ; 42848.6
11.9 ; 15239.3 ; 42806.9
11.95 ; 15255.3 ; 42766.1
12 ; 15271.9 ; 42726.4
12.05 ; 15289.1 ; 42687.7
12.1 ; 15307 ; 42650.2
12.15 ; 15325.6 ; 42613.8
12.2 ; 15344.8 ; 42578.5
12.25 ; 15364.6 ; 42544.3
12.3 ; 15385 ; 42511.4
12.35 ; 15406 ; 42479.7
12.4 ; 15427.7 ; 42449.2
12.45 ; 15449.9 ; 42420
12.5 ; 15472.6 ; 42392
12.55 ; 15496 ; 42365.4
12.6 ; 15519.9 ; 42340.1
12.65 ; 15544.3 ; 42316.1
12.7 ; 15569.2 ; 42293.4
12.75 ; 15594.7 ; 42272.2
12.8 ; 15620.6 ; 42252.3
12.85 ; 15647.1 ; 42233.8
12.9 ; 15674 ; 42216.7
12.95 ; 15701.3 ; 42201.1
13 ; 15729.1 ; 42186.8
13.05 ; 15757.3 ; 42174.1
13.1 ; 15785.9 ; 42162.8
13.15 ; 15814.8 ; 42153
13.2 ; 15844.2 ; 42144.7
13.25 ; 15873.9 ; 42137.8
13.3 ; 15903.9 ; 42132.5
13.35 ; 15934.2 ; 42128.7
13.4 ; 15964.8 ; 42126.5
13.45 ; 15995.6 ; 42125.7
13.5 ; 16026.7 ; 42126.5
13.55 ; 16058.1 ; 42128.9
13.6 ; 16089.6 ; 42132.8
13.65 ; 16121.3 ; 42138.2
13.7 ; 16153.1 ; 42145.2
13.75 ; 16185 ; 42153.8
13.8 ; 16217.1 ; 42163.9
13.85 ; 16249.2 ; 42175.6
13.9 ; 16281.4 ; 42188.9
13.95 ; 16313.5 ; 42203.8
14 ; 16345.7 ; 42220.2
14.05 ; 16377.8 ; 42238.2
14.1 ; 16409.9 ; 42257.8
14.15 ; 16441.8 ; 42278.9
14.2 ; 16473.6 ; 42301.6
14.25 ; 16505.3 ; 42325.9
14.3 ; 16536.8 ; 42351.7
14.35 ; 16568 ; 42379
14.4 ; 16599 ; 42408
14.45 ; 16629.7 ; 42438.4
14.5 ; 16660.1 ; 42470.4
14.55 ; 16690.2 ; 42503.9
14.6 ; 16719.8 ; 42538.9
14.65 ; 16749.1 ; 42575.4
14.7 ; 16777.9 ; 42613.4
14.75 ; 16806.2 ; 42652.9
14.8 ; 16834 ; 42693.8
14.85 ; 16861.3 ; 42736.2
14.9 ; 16887.9 ; 42780
14.95 ; 16914 ; 42825.2
15 ; 16939.4 ; 42871.8
15.05 ; 16964.1 ; 42919.8
15.1 ; 16988.1 ; 42969.1
15.15 ; 17011.4 ; 43019.7
15.2 ; 17033.9 ; 43071.7
15.25 ; 17055.6 ; 43124.9
15.3 ; 17076.4 ; 43179.3
15.35 ; 17096.3 ; 43235
15.4 ; 17115.4 ; 43291.9
15.45 ; 17133.5 ; 43349.9
15.5 ; 17150.7 ; 43409
15.55 ; 17166.8 ; 43469.2
15.6 ; 17182 ; 43530.5
15.65 ; 17196.1 ; 43592.7
15.7 ; 17209.1 ; 43656
15.75 ; 17221 ; 43720.1
15.8 ; 17231.8 ; 43785.1
15.85 ; 17241.5 ; 43851
15.9 ; 17250 ; 43917.6
15.95 ; 17257.3 ; 43985
16 ; 17263.4 ; 44053.1
16.05 ; 17268.2 ; 44121.8
16.1 ; 17271.9 ; 44191
16.15 ; 17274.2 ; 44260.8
16.2 ; 17275.3 ; 44331.1
16.25 ; 17275.2 ; 44401.7
16.3 ; 17273.7 ; 44472.7
16.35 ; 17270.9 ; 44543.9
16.4 ; 17266.9 ; 44615.4
16.45 ; 17261.5 ; 44686.9
16.5 ; 17254.8 ; 44758.6
16.55 ; 17246.7 ; 44830.2
16.6 ; 17237.4 ; 44901.8
16.65 ; 17226.7 ; 44973.2
16.7 ; 17214.8 ; 45044.3
16.75 ; 17201.5 ; 45115.2
16.8 ; 17186.9 ; 45185.6
16.85 ; 17171.1 ; 45255.6
16.9 ; 17153.9 ; 45325.1
16.95 ; 17135.5 ; 45393.9
17 ; 17115.8 ; 45462
17.05 ; 17094.9 ; 45529.3
17.1 ; 17072.8 ; 45595.7
17.15 ; 17049.5 ; 45661.2
17.2 ; 17025.1 ; 45725.6
17.25 ; 16999.5 ; 45788.9
17.3 ; 16972.7 ; 45850.9
17.35 ; 16944.9 ; 45911.6
17.4 ; 16916.1 ; 45970.9
17.45 ; 16886.2 ; 46028.8
17.5 ; 16855.3 ; 46085
17.55 ; 16823.4 ; 46139.7
17.6 ; 16790.6 ; 46192.6
17.65 ; 16757 ; 46243.6
17.7 ; 16722.5 ; 46292.8
17.75 ; 16687.2 ; 46340.1
17.8 ; 16651.1 ; 46385.2
17.85 ; 16614.3 ; 46428.3
17.9 ; 16576.9 ; 46469.1
17.95 ; 16538.8 ; 46507.7
18 ; 16500.1 ; 46544
18.05 ; 16460.9 ; 46577.9
18.1 ; 16421.2 ; 46609.3
18.15 ; 16381.1 ; 46638.2
18.2 ; 16340.6 ; 46664.6
18.25 ; 16299.7 ; 46688.3
18.3 ; 16258.5 ; 46709.4
18.35 ; 16217.1 ; 46727.8
18.4 ; 16175.5 ; 46743.4
18.45 ; 16133.7 ; 46756.3
18.5 ; 16091.9 ; 46766.3
18.55 ; 16050 ; 46773.6
18.6 ; 16008 ; 46777.9
18.65 ; 15966.1 ; 46779.4
18.7 ; 15924.4 ; 46778
18.75 ; 15882.7 ; 46773.8
18.8 ; 15841.2 ; 46766.6
18.85 ; 15800 ; 46756.5
18.9 ; 15759 ; 46743.6
18.95 ; 15718.3 ; 46727.8
19 ; 15678 ; 46709.1
19.05 ; 15638.1 ; 46687.6
19.1 ; 15598.6 ; 46663.3
19.15 ; 15559.6 ; 46636.2
19.2 ; 15521 ; 46606.4
19.25 ; 15483.1 ; 46573.9
19.3 ; 15445.7 ; 46538.7
19.35 ; 15408.9 ; 46500.9
19.4 ; 15372.7 ; 46460.5
19.45 ; 15337.2 ; 46417.6
19.5 ; 15302.4 ; 46372.2
19.55 ; 15268.4 ; 46324.4
19.6 ; 15235.1 ; 46274.3
19.65 ; 15202.6 ; 46222
19.7 ; 15170.8 ; 46167.4
19.75 ; 15139.9 ; 46110.7
19.8 ; 15109.9 ; 46052
19.85 ; 15080.7 ; 45991.3
19.9 ; 15052.3 ; 45928.6
19.95 ; 15024.9 ; 45864.2
20 ; 14998.4 ; 45798
20.05 ; 14972.8 ; 45730.2
20.1 ; 14948.1 ; 45660.8
20.15 ; 14924.4 ; 45590
20.2 ; 14901.7 ; 45517.7
20.25 ; 14879.9 ; 45444.1
20.3 ; 14859.1 ; 45369.3
20.35 ; 14839.4 ; 45293.3
20.4 ; 14820.6 ; 45216.3
20.45 ; 14802.8 ; 45138.3
20.5 ; 14786 ; 45059.5
20.55 ; 14770.2 ; 44979.8
20.6 ; 14755.5 ; 44899.4
20.65 ; 14741.8 ; 44818.5
20.7 ; 14729.1 ; 44736.9
20.75 ; 14717.4 ; 44655
20.8 ; 14706.8 ; 44572.6
20.85 ; 14697.2 ; 44489.9
20.9 ; 14688.6 ; 44407.1
20.95 ; 14681.1 ; 44324.1
21 ; 14674.6 ; 44241
21.05 ; 14669.1 ; 44158
21.1 ; 14664.7 ; 44075.1
21.15 ; 14661.3 ; 43992.3
21.2 ; 14658.9 ; 43909.8
21.25 ; 14657.6 ; 43827.5
21.3 ; 14657.3 ; 43745.7
21.35 ; 14658 ; 43664.3
21.4 ; 14659.7 ; 43583.4
21.45 ; 14662.5 ; 43503.1
21.5 ; 14666.2 ; 43423.4
21.55 ; 14671 ; 43344.4
21.6 ; 14676.8 ; 43266.2
21.65 ; 14683.6 ; 43188.7
21.7 ; 14691.5 ; 43112.2
21.75 ; 14700.3 ; 43036.5
21.8 ; 14710.1 ; 42961.9
21.85 ; 14720.9 ; 42888.2
21.9 ; 14732.7 ; 42815.7
21.95 ; 14745.5 ; 42744.2
22 ; 14759.3 ; 42673.9
22.05 ; 14774 ; 42604.9
22.1 ; 14789.7 ; 42537
22.15 ; 14806.4 ; 42470.5
22.2 ; 14824 ; 42405.3
22.25 ; 14842.6 ; 42341.4
22.3 ; 14862.2 ; 42279
22.35 ; 14882.7 ; 42218
22.4 ; 14904.1 ; 42158.5
22.45 ; 14926.4 ; 42100.5
22.5 ; 14949.7 ; 42044
22.55 ; 14973.9 ; 41989.1
22.6 ; 14999 ; 41935.9
22.65 ; 15025 ; 41884.2
22.7 ; 15051.9 ; 41834.2
22.75 ; 15079.7 ; 41785.9
22.8 ; 15108.4 ; 41739.2
22.85 ; 15137.9 ; 41694.3
22.9 ; 15168.3 ; 41651.2
22.95 ; 15199.6 ; 41609.8
23 ; 15231.6 ; 41570.3
23.05 ; 15264.5 ; 41532.5
23.1 ; 15298.2 ; 41496.6
23.15 ; 15332.8 ; 41462.6
23.2 ; 15368 ; 41430.4
23.25 ; 15404.1 ; 41400.1
23.3 ; 15440.9 ; 41371.7
23.35 ; 15478.5 ; 41345.3
23.4 ; 15516.8 ; 41320.7
23.45 ; 15555.8 ; 41298.2
23.5 ; 15595.5 ; 41277.6
23.55 ; 15635.8 ; 41259
23.6 ; 15676.8 ; 41242.3
23.65 ; 15718.5 ; 41227.7
23.7 ; 15760.7 ; 41215.1
23.75 ; 15803.6 ; 41204.6
23.8 ; 15847 ; 41196
23.85 ; 15890.9 ; 41189.6
23.9 ; 15935.4 ; 41185.2
23.95 ; 15980.3 ; 41182.8
24 ; 16025.7 ; 41182.6
24.05 ; 16071.6 ; 41184.4
24.1 ; 16117.8 ; 41188.3
24.15 ; 16164.4 ; 41194.4
24.2 ; 16211.3 ; 41202.5
24.25 ; 16258.6 ; 41212.8
24.3 ; 16306.1 ; 41225.2
24.35 ; 16353.9 ; 41239.8
24.4 ; 16401.8 ; 41256.4
24.45 ; 16449.9 ; 41275.2
24.5 ; 16498.2 ; 41296.2
24.55 ; 16546.5 ; 41319.3
24.6 ; 16594.9 ; 41344.6
24.65 ; 16643.2 ; 41372.1
24.7 ; 16691.5 ; 41401.7
24.75 ; 16739.7 ; 41433.4
24.8 ; 16787.8 ; 41467.4
24.85 ; 16835.7 ; 41503.5
24.9 ; 16883.4 ; 41541.7
24.95 ; 16930.8 ; 41582.1
25 ; 16977.9 ; 41624.7
25.05 ; 17024.6 ; 41669.5
25.1 ; 17070.8 ; 41716.3
25.15 ; 17116.6 ; 41765.4
25.2 ; 17161.9 ; 41816.6
25.25 ; 17206.6 ; 41869.9
25.3 ; 17250.6 ; 41925.3
25.35 ; 17293.9 ; 41982.8
25.4 ; 17336.5 ; 42042.5
25.45 ; 17378.3 ; 42104.2
25.5 ; 17419.2 ; 42168
25.55 ; 17459.2 ; 42233.9
25.6 ; 17498.3 ; 42301.8
25.65 ; 17536.3 ; 42371.8
25.7 ; 17573.3 ; 42443.7
25.75 ; 17609.1 ; 42517.6
25.8 ; 17643.7 ; 42593.5
25.85 ; 17677.1 ; 42671.3
25.9 ; 17709.2 ; 42751
25.95 ; 17739.9 ; 42832.5
26 ; 17769.3 ; 42915.9
26.05 ; 17797.1 ; 43001.1
26.1 ; 17823.5 ; 43088
26.15 ; 17848.3 ; 43176.6
26.2 ; 17871.6 ; 43266.9
26.25 ; 17893.1 ; 43358.9
26.3 ; 17913 ; 43452.3
26.35 ; 17931.1 ; 43547.3
26.4 ; 17947.5 ; 43643.8
26.45 ; 17962 ; 43741.7
26.5 ; 17974.7 ; 43840.8
26.55 ; 17985.5 ; 43941.3
26.6 ; 17994.3 ; 44043
26.65 ; 18001.2 ; 44145.7
26.7 ; 18006.1 ; 44249.5
26.75 ; 18009 ; 44354.3
26.8 ; 18009.8 ; 44460
26.85 ; 18008.6 ; 44566.5
26.9 ; 18005.3 ; 44673.6
26.95 ; 17999.8 ; 44781.4
27 ; 17992.3 ; 44889.7
27.05 ; 17982.6 ; 44998.4
27.1 ; 17970.9 ; 45107.3
27.15 ; 17956.9 ; 45216.5
27.2 ; 17940.9 ; 45325.7
27.25 ; 17922.7 ; 45434.9
27.3 ; 17902.3 ; 45543.9
27.35 ; 17879.9 ; 45652.7
27.4 ; 17855.4 ; 45761
27.45 ; 17828.7 ; 45868.8
27.5 ; 17800 ; 45975.8
27.55 ; 17769.3 ; 46082.1
27.6 ; 17736.6 ; 46187.4
27.65 ; 17701.9 ; 46291.6
27.7 ; 17665.2 ; 46394.5
27.75 ; 17626.6 ; 46496.1
27.8 ; 17586.2 ; 46596.1
27.85 ; 17544 ; 46694.4
27.9 ; 17499.9 ; 46790.9
27.95 ; 17454.2 ; 46885.4
28 ; 17406.8 ; 46977.7
28.05 ; 17357.9 ; 47067.7
28.1 ; 17307.4 ; 47155.3
28.15 ; 17255.4 ; 47240.3
28.2 ; 17202 ; 47322.5
28.25 ; 17147.3 ; 47401.9
28.3 ; 17091.3 ; 47478.2
28.35 ; 17034.2 ; 47551.3
28.4 ; 16975.9 ; 47621.1
28.45 ; 16916.7 ; 47687.4
28.5 ; 16856.5 ; 47750.1
28.55 ; 16795.4 ; 47809.1
28.6 ; 16733.6 ; 47864.3
28.65 ; 16671 ; 47915.5
28.7 ; 16607.9 ; 47962.6
28.75 ; 16544.3 ; 48005.6
28.8 ; 16480.2 ; 48044.2
28.85 ; 16415.8 ; 48078.6
28.9 ; 16351.2 ; 48108.4
28.95 ; 16286.4 ; 48133.8
29 ; 16221.5 ; 48154.5
29.05 ; 16156.7 ; 48170.6
29.1 ; 16091.9 ; 48182
29.15 ; 16027.3 ; 48188.7
29.2 ; 15962.9 ; 48190.6
29.25 ; 15898.9 ; 48187.8
29.3 ; 15835.3 ; 48180.1
29.35 ; 15772.2 ; 48167.7
29.4 ; 15709.7 ; 48150.5
29.45 ; 15647.8 ; 48128.5
29.5 ; 15586.6 ; 48101.8
29.55 ; 15526.1 ; 48070.4
29.6 ; 15466.5 ; 48034.4
29.65 ; 15407.8 ; 47993.8
29.7 ; 15350 ; 47948.7
29.75 ; 15293.2 ; 47899.1
29.8 ; 15237.4 ; 47845.1
29.85 ; 15182.8 ; 47786.9
29.9 ; 15129.3 ; 47724.6
29.95 ; 15076.9 ; 47658.1
30 ; 15025.8 ; 47587.7
30.05 ; 14975.9 ; 47513.5
30.1 ; 14927.3 ; 47435.6
30.15 ; 14880 ; 47354.1
30.2 ; 14834 ; 47269.1
30.25 ; 14789.4 ; 47180.8
30.3 ; 14746.1 ; 47089.4
30.35 ; 14704.3 ; 46994.9
30.4 ; 14663.9 ; 46897.6
30.45 ; 14624.9 ; 46797.5
30.5 ; 14587.3 ; 46694.8
30.55 ; 14551.2 ; 46589.8
30.6 ; 14516.5 ; 46482.4
30.65 ; 14483.3 ; 46373
30.7 ; 14451.5 ; 46261.5
30.75 ; 14421.2 ; 46148.3
30.8 ; 14392.3 ; 46033.4
30.85 ; 14365 ; 45917
30.9 ; 14339.1 ; 45799.2
30.95 ; 14314.6 ; 45680.2
31 ; 14291.6 ; 45560.2
31.05 ; 14270.1 ; 45439.2
31.1 ; 14249.9 ; 45317.4
31.15 ; 14231.3 ; 45195
31.2 ; 14214 ; 45072.1
31.25 ; 14198.2 ; 44948.7
31.3 ; 14183.9 ; 44825.2
31.35 ; 14170.9 ; 44701.5
31.4 ; 14159.3 ; 44577.8
31.45 ; 14149.1 ; 44454.2
31.5 ; 14140.3 ; 44330.9
31.55 ; 14132.9 ; 44207.9
31.6 ; 14126.9 ; 44085.3
31.65 ; 14122.2 ; 43963.3
31.7 ; 14118.9 ; 43841.9
31.75 ; 14116.9 ; 43721.3
31.8 ; 14116.3 ; 43601.6
31.85 ; 14117 ; 43482.8
31.9 ; 14119 ; 43365
31.95 ; 14122.3 ; 43248.3
32 ; 14127 ; 43132.8
32.05 ; 14132.9 ; 43018.6
32.1 ; 14140.2 ; 42905.7
32.15 ; 14148.7 ; 42794.2
32.2 ; 14158.5 ; 42684.2
32.25 ; 14169.6 ; 42575.7
32.3 ; 14182 ; 42468.9
32.35 ; 14195.6 ; 42363.6
32.4 ; 14210.5 ; 42260.1
32.45 ; 14226.7 ; 42158.4
32.5 ; 14244.1 ; 42058.5
32.55 ; 14262.8 ; 41960.5
32.6 ; 14282.7 ; 41864.3
32.65 ; 14303.8 ; 41770.1
32.7 ; 14326.2 ; 41677.9
32.75 ; 14349.8 ; 41587.8
32.8 ; 14374.6 ; 41499.7
32.85 ; 14400.7 ; 41413.7
32.9 ; 14428 ; 41329.8
32.95 ; 14456.5 ; 41248.1
33 ; 14486.2 ; 41168.6
33.05 ; 14517.2 ; 41091.4
33.1 ; 14549.3 ; 41016.3
33.15 ; 14582.7 ; 40943.5
33.2 ; 14617.3 ; 40873.1
33.25 ; 14653 ; 40804.9
33.3 ; 14690 ; 40739.1
33.35 ; 14728.1 ; 40675.6
33.4 ; 14767.5 ; 40614.5
33.45 ; 14808 ; 40555.8
33.5 ; 14849.7 ; 40499.5
33.55 ; 14892.6 ; 40445.6
33.6 ; 14936.6 ; 40394.1
33.65 ; 14981.8 ; 40345.1
33.7 ; 15028.1 ; 40298.5
33.75 ; 15075.6 ; 40254.4
33.8 ; 15124.2 ; 40212.8
33.85 ; 15174 ; 40173.7
33.9 ; 15224.8 ; 40137.1
33.95 ; 15276.8 ; 40103
34 ; 15329.8 ; 40071.4
34.05 ; 15383.9 ; 40042.3
34.1 ; 15439 ; 40015.9
34.15 ; 15495.2 ; 39991.9
34.2 ; 15552.4 ; 39970.5
34.25 ; 15610.6 ; 39951.7
34.3 ; 15669.8 ; 39935.5
34.35 ; 15730 ; 39921.9
34.4 ; 15791.1 ; 39910.9
34.45 ; 15853 ; 39902.5
34.5 ; 15915.9 ; 39896.7
34.55 ; 15979.6 ; 39893.6
34.6 ; 16044.2 ; 39893.1
34.65 ; 16109.5 ; 39895.2
34.7 ; 16175.6 ; 39900
34.75 ; 16242.4 ; 39907.5
34.8 ; 16309.9 ; 39917.7
34.85 ; 16378 ; 39930.5
34.9 ; 16446.7 ; 39946.1
34.95 ; 16516 ; 39964.4
35 ; 16585.7 ; 39985.4
35.05 ; 16656 ; 40009.1
35.1 ; 16726.6 ; 40035.6
35.15 ; 16797.6 ; 40064.9
35.2 ; 16868.8 ; 40096.9
35.25 ; 16940.3 ; 40131.7
35.3 ; 17012 ; 40169.3
35.35 ; 17083.8 ; 40209.7
35.4 ; 17155.6 ; 40253
35.45 ; 17227.4 ; 40299.1
35.5 ; 17299.2 ; 40348
35.55 ; 17370.7 ; 40399.7
35.6 ; 17442.1 ; 40454.3
35.65 ; 17513.1 ; 40511.8
35.7 ; 17583.7 ; 40572.2
35.75 ; 17653.9 ; 40635.5
35.8 ; 17723.6 ; 40701.6
35.85 ; 17792.6 ; 40770.7
35.9 ; 17860.9 ; 40842.7
35.95 ; 17928.4 ; 40917.5
36 ; 17995 ; 40995.3
36.05 ; 18060.7 ; 41076
36.1 ; 18125.3 ; 41159.7
36.15 ; 18188.8 ; 41246.2
36.2 ; 18251 ; 41335.7
36.25 ; 18311.9 ; 41428
36.3 ; 18371.4 ; 41523.3
36.35 ; 18429.4 ; 41621.5
36.4 ; 18485.8 ; 41722.5
36.45 ; 18540.5 ; 41826.5
36.5 ; 18593.4 ; 41933.2
36.55 ; 18644.4 ; 42042.8
36.6 ; 18693.5 ; 42155.3
36.65 ; 18740.5 ; 42270.5
36.7 ; 18785.3 ; 42388.4
36.75 ; 18828 ; 42509.1
36.8 ; 18868.3 ; 42632.5
36.85 ; 18906.2 ; 42758.5
36.9 ; 18941.6 ; 42887.2
36.95 ; 18974.5 ; 43018.3
37 ; 19004.7 ; 43152
37.05 ; 19032.2 ; 43288.1
37.1 ; 19056.9 ; 43426.7
37.15 ; 19078.7 ; 43567.5
37.2 ; 19097.7 ; 43710.5
37.25 ; 19113.6 ; 43855.7
37.3 ; 19126.4 ; 44003
37.35 ; 19136.2 ; 44152.3
37.4 ; 19142.8 ; 44303.4
37.45 ; 19146.2 ; 44456.3
37.5 ; 19146.3 ; 44610.9
37.55 ; 19143.2 ; 44767.1
37.6 ; 19136.7 ; 44924.6
37.65 ; 19126.8 ; 45083.5
37.7 ; 19113.6 ; 45243.5
37.75 ; 19097 ; 45404.5
37.8 ; 19077 ; 45566.4
37.85 ; 19053.5 ; 45729
37.9 ; 19026.6 ; 45892.1
37.95 ; 18996.3 ; 46055.6
38 ; 18962.6 ; 46219.2
38.05 ; 18925.5 ; 46382.8
38.1 ; 18885 ; 46546.2
38.15 ; 18841.2 ; 46709.2
38.2 ; 18794.1 ; 46871.5
38.25 ; 18743.7 ; 47033
38.3 ; 18690.1 ; 47193.4
38.35 ; 18633.3 ; 47352.5
38.4 ; 18573.5 ; 47510
38.45 ; 18510.6 ; 47665.7
38.5 ; 18444.8 ; 47819.4
38.55 ; 18376.1 ; 47970.7
38.6 ; 18304.6 ; 48119.5
38.65 ; 18230.4 ; 48265.4
38.7 ; 18153.7 ; 48408.2
38.75 ; 18074.4 ; 48547.7
38.8 ; 17992.9 ; 48683.5
38.85 ; 17909 ; 48815.4
38.9 ; 17823.1 ; 48943.1
38.95 ; 17735.2 ; 49066.4
39 ; 17645.4 ; 49184.9
39.05 ; 17553.9 ; 49298.4
39.1 ; 17460.9 ; 49406.6
39.15 ; 17366.4 ; 49509.4
39.2 ; 17270.6 ; 49606.3
39.25 ; 17173.8 ; 49697.3
39.3 ; 17076 ; 49782
39.35 ; 16977.4 ; 49860.2
39.4 ; 16878.2 ; 49931.8
39.45 ; 16778.4 ; 49996.5
39.5 ; 16678.4 ; 50054.1
39.55 ; 16578.2 ; 50104.4
39.6 ; 16478 ; 50147.4
39.65 ; 16378 ; 50182.8
39.7 ; 16278.2 ; 50210.6
39.75 ; 16179 ; 50230.6
39.8 ; 16080.3 ; 50242.8
39.85 ; 15982.4 ; 50247.1
39.9 ; 15885.4 ; 50243.4
39.95 ; 15789.4 ; 50231.8
40 ; 15694.5 ; 50212.1
40.05 ; 15601 ; 50184.6
40.1 ; 15508.8 ; 50149.1
40.15 ; 15418.1 ; 50105.7
40.2 ; 15329.1 ; 50054.6
40.25 ; 15241.7 ; 49995.9
40.3 ; 15156.1 ; 49929.6
40.35 ; 15072.4 ; 49855.9
40.4 ; 14990.7 ; 49775
40.45 ; 14910.9 ; 49687
40.5 ; 14833.2 ; 49592.2
40.55 ; 14757.7 ; 49490.7
40.6 ; 14684.3 ; 49382.8
40.65 ; 14613 ; 49268.7
40.7 ; 14544.1 ; 49148.6
40.75 ; 14477.3 ; 49022.9
40.8 ; 14412.9 ; 48891.7
40.85 ; 14350.7 ; 48755.4
40.9 ; 14290.9 ; 48614.1
40.95 ; 14233.3 ; 48468.3
41 ; 14178 ; 48318.2
41.05 ; 14125 ; 48164
41.1 ; 14074.3 ; 48006.1
41.15 ; 14025.9 ; 47844.7
41.2 ; 13979.6 ; 47680.2
41.25 ; 13935.7 ; 47512.8
41.3 ; 13893.9 ; 47342.7
41.35 ; 13854.3 ; 47170.4
41.4 ; 13816.9 ; 46995.9
41.45 ; 13781.5 ; 46819.7
41.5 ; 13748.3 ; 46641.9
41.55 ; 13717.2 ; 46462.8
41.6 ; 13688.1 ; 46282.7
41.65 ; 13661 ; 46101.8
41.7 ; 13635.9 ; 45920.3
41.75 ; 13612.7 ; 45738.4
41.8 ; 13591.5 ; 45556.4
41.85 ; 13572.1 ; 45374.5
41.9 ; 13554.6 ; 45192.8
41.95 ; 13538.9 ; 45011.6
42 ; 13525.1 ; 44831
42.05 ; 13513 ; 44651.1
42.1 ; 13502.6 ; 44472.3
42.15 ; 13494 ; 44294.6
42.2 ; 13487.1 ; 44118.1
42.25 ; 13481.8 ; 43943.1
42.3 ; 13478.2 ; 43769.6
42.35 ; 13476.2 ; 43597.7
42.4 ; 13475.9 ; 43427.7
42.45 ; 13477.1 ; 43259.5
42.5 ; 13479.8 ; 43093.4
42.55 ; 13484.2 ; 42929.3
42.6 ; 13490.1 ; 42767.5
42.65 ; 13497.4 ; 42607.9
42.7 ; 13506.3 ; 42450.7
42.75 ; 13516.7 ; 42295.9
42.8 ; 13528.6 ; 42143.6
42.85 ; 13542 ; 41993.8
42.9 ; 13556.8 ; 41846.7
42.95 ; 13573 ; 41702.3
43 ; 13590.8 ; 41560.6
43.05 ; 13609.9 ; 41421.7
43.1 ; 13630.5 ; 41285.5
43.15 ; 13652.6 ; 41152.3
43.2 ; 13676 ; 41021.9
43.25 ; 13700.9 ; 40894.4
43.3 ; 13727.3 ; 40769.9
43.35 ; 13755 ; 40648.3
43.4 ; 13784.2 ; 40529.7
43.45 ; 13814.8 ; 40414.1
43.5 ; 13846.9 ; 40301.6
43.55 ; 13880.4 ; 40192
43.6 ; 13915.3 ; 40085.6
43.65 ; 13951.7 ; 39982.1
43.7 ; 13989.6 ; 39881.7
43.75 ; 14028.9 ; 39784.4
43.8 ; 14069.6 ; 39690.2
43.85 ; 14111.8 ; 39599
43.9 ; 14155.5 ; 39510.9
43.95 ; 14200.7 ; 39425.9
44 ; 14247.3 ; 39343.9
44.05 ; 14295.5 ; 39265
44.1 ; 14345.1 ; 39189.2
44.15 ; 14396.3 ; 39116.5
44.2 ; 14449 ; 39046.8
44.25 ; 14503.1 ; 38980.1
44.3 ; 14558.9 ; 38916.5
44.35 ; 14616.1 ; 38856
44.4 ; 14674.9 ; 38798.5
44.45 ; 14735.2 ; 38744
44.5 ; 14797 ; 38692.6
44.55 ; 14860.4 ; 38644.2
44.6 ; 14925.3 ; 38598.8
44.65 ; 14991.8 ; 38556.4
44.7 ; 15059.8 ; 38517.1
44.75 ; 15129.3 ; 38480.8
44.8 ; 15200.4 ; 38447.5
44.85 ; 15273 ; 38417.2
44.9 ; 15347.1 ; 38389.9
44.95 ; 15422.8 ; 38365.6
45 ; 15499.9 ; 38344.4
45.05 ; 15578.5 ; 38326.1
45.1 ; 15658.7 ; 38310.9
45.15 ; 15740.2 ; 38298.7
45.2 ; 15823.2 ; 38289.5
45.25 ; 15907.6 ; 38283.4
45.3 ; 15993.4 ; 38280.3
45.35 ; 16080.6 ; 38280.2
45.4 ; 16169.1 ; 38283.2
45.45 ; 16258.8 ; 38289.3
45.5 ; 16349.9 ; 38298.5
45.55 ; 16442.1 ; 38310.8
45.6 ; 16535.6 ; 38326.1
45.65 ; 16630.1 ; 38344.7
45.7 ; 16725.7 ; 38366.3
45.75 ; 16822.4 ; 38391.2
45.8 ; 16920 ; 38419.2
45.85 ; 17018.5 ; 38450.5
45.9 ; 17117.9 ; 38484.9
45.95 ; 17218 ; 38522.7
46 ; 17318.9 ; 38563.7
46.05 ; 17420.3 ; 38608
46.1 ; 17522.3 ; 38655.7
46.15 ; 17624.7 ; 38706.7
46.2 ; 17727.5 ; 38761.1
46.25 ; 17830.6 ; 38819
46.3 ; 17933.8 ; 38880.3
46.35 ; 18037.1 ; 38945
46.4 ; 18140.4 ; 39013.3
46.45 ; 18243.5 ; 39085.1
46.5 ; 18346.4 ; 39160.5
46.55 ; 18449 ; 39239.5
46.6 ; 18551 ; 39322.1
46.65 ; 18652.5 ; 39408.4
46.7 ; 18753.2 ; 39498.3
46.75 ; 18853.1 ; 39592
46.8 ; 18952 ; 39689.4
46.85 ; 19049.8 ; 39790.5
46.9 ; 19146.3 ; 39895.5
46.95 ; 19241.4 ; 40004.2
47 ; 19335.1 ; 40116.8
47.05 ; 19427 ; 40233.2
47.1 ; 19517.2 ; 40353.5
47.15 ; 19605.4 ; 40477.7
47.2 ; 19691.5 ; 40605.8
47.25 ; 19775.4 ; 40737.7
47.3 ; 19857 ; 40873.6
47.35 ; 19936 ; 41013.4
47.4 ; 20012.3 ; 41157
47.45 ; 20085.9 ; 41304.6
47.5 ; 20156.5 ; 41456.1
47.55 ; 20224.1 ; 41611.4
47.6 ; 20288.4 ; 41770.6
47.65 ; 20349.4 ; 41933.7
47.7 ; 20406.9 ; 42100.5
47.75 ; 20460.7 ; 42271.1
47.8 ; 20510.9 ; 42445.5
47.85 ; 20557.2 ; 42623.5
47.9 ; 20599.5 ; 42805.2
47.95 ; 20637.7 ; 42990.5
48 ; 20671.7 ; 43179.2
48.05 ; 20701.3 ; 43371.5
48.1 ; 20726.6 ; 43567
48.15 ; 20747.3 ; 43765.9
48.2 ; 20763.5 ; 43967.9
48.25 ; 20774.9 ; 44173
48.3 ; 20781.6 ; 44381.1
48.35 ; 20783.5 ; 44592
48.4 ; 20780.4 ; 44805.6
48.45 ; 20772.4 ; 45021.8
48.5 ; 20759.4 ; 45240.3
48.55 ; 20741.3 ; 45461.1
48.6 ; 20718.1 ; 45684
48.65 ; 20689.8 ; 45908.7
48.7 ; 20656.4 ; 46135.1
48.75 ; 20617.8 ; 46363
48.8 ; 20574.1 ; 46592.1
48.85 ; 20525.2 ; 46822.2
48.9 ; 20471.3 ; 47053.1
48.95 ; 20412.2 ; 47284.4
49 ; 20348.1 ; 47516
49.05 ; 20279 ; 47747.5
49.1 ; 20204.9 ; 47978.6
49.15 ; 20126 ; 48209
49.2 ; 20042.2 ; 48438.4
49.25 ; 19953.8 ; 48666.4
49.3 ; 19860.7 ; 48892.7
49.35 ; 19763.2 ; 49116.9
49.4 ; 19661.2 ; 49338.6
49.45 ; 19555.1 ; 49557.5
49.5 ; 19444.8 ; 49773.1
49.55 ; 19330.6 ; 49985
49.6 ; 19212.6 ; 50192.9
49.65 ; 19091 ; 50396.2
49.7 ; 18966 ; 50594.5
49.75 ; 18837.8 ; 50787.5
49.8 ; 18706.5 ; 50974.6
49.85 ; 18572.5 ; 51155.5
49.9 ; 18435.8 ; 51329.6
49.95 ; 18296.9 ; 51496.5
50 ; 18155.8 ; 51655.8
50.05 ; 18012.9 ; 51807
50.1 ; 17868.3 ; 51949.8
50.15 ; 17722.4 ; 52083.7
50.2 ; 17575.4 ; 52208.2
50.25 ; 17427.6 ; 52323
50.3 ; 17279.2 ; 52427.8
50.35 ; 17130.5 ; 52522.1
50.4 ; 16981.8 ; 52605.6
50.45 ; 16833.3 ; 52678
50.5 ; 16685.3 ; 52739.1
50.55 ; 16538.1 ; 52788.5
50.6 ; 16391.9 ; 52826.1
50.65 ; 16247 ; 52851.6
50.7 ; 16103.7 ; 52864.9
50.75 ; 15962 ; 52865.8
50.8 ; 15822.4 ; 52854.4
50.85 ; 15685 ; 52830.5
50.9 ; 15550 ; 52794.1
50.95 ; 15417.6 ; 52745.3
51 ; 15287.9 ; 52684.2
51.05 ; 15161.3 ; 52610.8
51.1 ; 15037.7 ; 52525.3
51.15 ; 14917.4 ; 52427.9
51.2 ; 14800.4 ; 52318.9
51.25 ; 14687 ; 52198.5
51.3 ; 14577.1 ; 52067.1
51.35 ; 14470.8 ; 51924.9
51.4 ; 14368.2 ; 51772.4
51.45 ; 14269.4 ; 51609.9
51.5 ; 14174.4 ; 51438
51.55 ; 14083.2 ; 51256.9
51.6 ; 13995.7 ; 51067.2
51.65 ; 13912.1 ; 50869.5
51.7 ; 13832.2 ; 50664.1
51.75 ; 13756.1 ; 50451.6
51.8 ; 13683.6 ; 50232.6
51.85 ; 13614.9 ; 50007.5
51.9 ; 13549.7 ; 49776.8
51.95 ; 13488 ; 49541.2
52 ; 13429.8 ; 49301
52.05 ; 13374.9 ; 49056.9
52.1 ; 13323.4 ; 48809.3
52.15 ; 13275.1 ; 48558.6
52.2 ; 13229.9 ; 48305.5
52.25 ; 13187.8 ; 48050.3
52.3 ; 13148.6 ; 47793.6
52.35 ; 13112.3 ; 47535.6
52.4 ; 13078.8 ; 47276.9
52.45 ; 13048 ; 47017.8
52.5 ; 13019.9 ; 46758.7
52.55 ; 12994.2 ; 46499.9
52.6 ; 12971 ; 46241.9
52.65 ; 12950.3 ; 45984.9
52.7 ; 12931.8 ; 45729.1
52.75 ; 12915.5 ; 45475
52.8 ; 12901.5 ; 45222.7
52.85 ; 12889.5 ; 44972.5
52.9 ; 12879.6 ; 44724.7
52.95 ; 12871.7 ; 44479.3
53 ; 12865.7 ; 44236.7
53.05 ; 12861.6 ; 43997
53.1 ; 12859.3 ; 43760.4
53.15 ; 12858.8 ; 43527
53.2 ; 12860 ; 43296.9
53.25 ; 12862.9 ; 43070.3
53.3 ; 12867.5 ; 42847.3
53.35 ; 12873.8 ; 42627.9
53.4 ; 12881.6 ; 42412.4
53.45 ; 12891 ; 42200.7
53.5 ; 12902 ; 41992.9
53.55 ; 12914.5 ; 41789
53.6 ; 12928.5 ; 41589.2
53.65 ; 12943.9 ; 41393.5
53.7 ; 12960.9 ; 41201.8
53.75 ; 12979.3 ; 41014.3
53.8 ; 12999.2 ; 40830.9
53.85 ; 13020.6 ; 40651.7
53.9 ; 13043.3 ; 40476.6
53.95 ; 13067.6 ; 40305.7
54 ; 13093.2 ; 40139
54.05 ; 13120.3 ; 39976.5
54.1 ; 13148.9 ; 39818.1
54.15 ; 13178.9 ; 39663.8
54.2 ; 13210.3 ; 39513.7
54.25 ; 13243.2 ; 39367.6
54.3 ; 13277.6 ; 39225.7
54.35 ; 13313.5 ; 39087.8
54.4 ; 13350.9 ; 38953.9
54.45 ; 13389.7 ; 38824
54.5 ; 13430.1 ; 38698.1
54.55 ; 13472.1 ; 38576.1
54.6 ; 13515.6 ; 38458
54.65 ; 13560.7 ; 38343.8
54.7 ; 13607.4 ; 38233.4
54.75 ; 13655.7 ; 38126.8
54.8 ; 13705.7 ; 38024
54.85 ; 13757.3 ; 37924.9
54.9 ; 13810.5 ; 37829.4
54.95 ; 13865.5 ; 37737.6
55 ; 13922.2 ; 37649.4
55.05 ; 13980.7 ; 37564.8
55.1 ; 14040.9 ; 37483.7
55.15 ; 14103 ; 37406.2
55.2 ; 14166.8 ; 37332
55.25 ; 14232.5 ; 37261.4
55.3 ; 14300 ; 37194.1
55.35 ; 14369.5 ; 37130.2
55.4 ; 14440.8 ; 37069.6
55.45 ; 14514 ; 37012.3
55.5 ; 14589.2 ; 36958.4
55.55 ; 14666.4 ; 36907.6
55.6 ; 14745.5 ; 36860.2
55.65 ; 14826.7 ; 36815.9
55.7 ; 14909.8 ; 36774.8
55.75 ; 14994.9 ; 36736.9
55.8 ; 15082.1 ; 36702.2
55.85 ; 15171.3 ; 36670.6
55.9 ; 15262.6 ; 36642.2
55.95 ; 15355.9 ; 36616.9
56 ; 15451.3 ; 36594.7
56.05 ; 15548.7 ; 36575.6
56.1 ; 15648.1 ; 36559.7
56.15 ; 15749.6 ; 36546.9
56.2 ; 15853.1 ; 36537.3
56.25 ; 15958.6 ; 36530.8
56.3 ; 16066.1 ; 36527.5
56.35 ; 16175.6 ; 36527.3
56.4 ; 16287 ; 36530.4
56.45 ; 16400.3 ; 36536.6
56.5 ; 16515.5 ; 36546.1
56.55 ; 16632.5 ; 36558.9
56.6 ; 16751.4 ; 36575
56.65 ; 16871.9 ; 36594.4
56.7 ; 16994.2 ; 36617.2
56.75 ; 17118 ; 36643.4
56.8 ; 17243.5 ; 36673.1
56.85 ; 17370.4 ; 36706.2
56.9 ; 17498.7 ; 36742.9
56.95 ; 17628.4 ; 36783.1
57 ; 17759.3 ; 36827
57.05 ; 17891.4 ; 36874.6
57.1 ; 18024.5 ; 36925.9
57.15 ; 18158.6 ; 36981
57.2 ; 18293.6 ; 37039.9
57.25 ; 18429.2 ; 37102.7
57.3 ; 18565.5 ; 37169.4
57.35 ; 18702.3 ; 37240.1
57.4 ; 18839.5 ; 37314.8
57.45 ; 18976.9 ; 37393.6
57.5 ; 19114.3 ; 37476.5
57.55 ; 19251.8 ; 37563.7
57.6 ; 19389 ; 37655
57.65 ; 19525.8 ; 37750.7
57.7 ; 19662.2 ; 37850.6
57.75 ; 19797.9 ; 37955
57.8 ; 19932.7 ; 38063.7
57.85 ; 20066.6 ; 38176.9
57.9 ; 20199.3 ; 38294.5
57.95 ; 20330.6 ; 38416.7
58 ; 20460.4 ; 38543.4
58.05 ; 20588.4 ; 38674.7
58.1 ; 20714.6 ; 38810.6
58.15 ; 20838.8 ; 38951.1
58.2 ; 20960.6 ; 39096.3
58.25 ; 21080.1 ; 39246.1
58.3 ; 21196.9 ; 39400.6
58.35 ; 21310.9 ; 39559.8
58.4 ; 21421.9 ; 39723.7
58.45 ; 21529.7 ; 39892.2
58.5 ; 21634.1 ; 40065.5
58.55 ; 21735 ; 40243.4
58.6 ; 21832.1 ; 40426
58.65 ; 21925.4 ; 40613.3
58.7 ; 22014.5 ; 40805.2
58.75 ; 22099.3 ; 41001.8
58.8 ; 22179.8 ; 41202.9
58.85 ; 22255.6 ; 41408.6
58.9 ; 22326.6 ; 41618.8
58.95 ; 22392.7 ; 41833.4
59 ; 22453.7 ; 42052.5
59.05 ; 22509.5 ; 42276
59.1 ; 22559.8 ; 42503.8
59.15 ; 22604.7 ; 42735.8
59.2 ; 22643.9 ; 42971.9
59.25 ; 22677.3 ; 43212.2
59.3 ; 22704.8 ; 43456.4
59.35 ; 22726.3 ; 43704.5
59.4 ; 22741.7 ; 43956.3
59.45 ; 22750.9 ; 44211.8
59.5 ; 22753.7 ; 44470.8
59.55 ; 22750.2 ; 44733.2
59.6 ; 22740.3 ; 44998.8
59.65 ; 22723.8 ; 45267.4
59.7 ; 22700.8 ; 45538.9
59.75 ; 22671.2 ; 45813.2
59.8 ; 22634.9 ; 46089.9
59.85 ; 22592.1 ; 46368.9
59.9 ; 22542.5 ; 46649.9
59.95 ; 22486.3 ; 46932.7
60 ; 22423.5 ; 47217.1
60.05 ; 22354 ; 47502.8
60.1 ; 22278 ; 47789.4
60.15 ; 22195.5 ; 48076.7
60.2 ; 22106.4 ; 48364.3
60.25 ; 22011 ; 48651.9
60.3 ; 21909.3 ; 48939.2
60.35 ; 21801.4 ; 49225.7
60.4 ; 21687.5 ; 49511.1
60.45 ; 21567.5 ; 49795
60.5 ; 21441.7 ; 50076.9
60.55 ; 21310.3 ; 50356.4
60.6 ; 21173.4 ; 50633
60.65 ; 21031.2 ; 50906.2
60.7 ; 20883.8 ; 51175.7
60.75 ; 20731.5 ; 51440.7
60.8 ; 20574.6 ; 51701
60.85 ; 20413.2 ; 51955.8
60.9 ; 20247.5 ; 52204.8
60.95 ; 20077.9 ; 52447.3
61 ; 19904.6 ; 52682.8
61.05 ; 19727.9 ; 52910.7
61.1 ; 19548.1 ; 53130.5
61.15 ; 19365.5 ; 53341.6
61.2 ; 19180.3 ; 53543.6
61.25 ; 18992.9 ; 53735.7
61.3 ; 18803.7 ; 53917.6
61.35 ; 18612.9 ; 54088.6
61.4 ; 18420.9 ; 54248.2
61.45 ; 18228 ; 54396
61.5 ; 18034.5 ; 54531.5
61.55 ; 17840.9 ; 54654.2
61.6 ; 17647.4 ; 54763.7
61.65 ; 17454.3 ; 54859.6
61.7 ; 17262.1 ; 54941.4
61.75 ; 17071 ; 55009
61.8 ; 16881.4 ; 55061.9
61.85 ; 16693.5 ; 55099.8
61.9 ; 16507.8 ; 55122.7
61.95 ; 16324.4 ; 55130.2
62 ; 16143.7 ; 55122.3
62.05 ; 15966.1 ; 55098.7
62.1 ; 15791.6 ; 55059.6
62.15 ; 15620.7 ; 55004.8
62.2 ; 15453.4 ; 54934.5
62.25 ; 15290.2 ; 54848.6
62.3 ; 15131.1 ; 54747.4
62.35 ; 14976.4 ; 54631
62.4 ; 14826.1 ; 54499.7
62.45 ; 14680.6 ; 54353.7
62.5 ; 14539.9 ; 54193.4
62.55 ; 14404.1 ; 54019.1
62.6 ; 14273.4 ; 53831.2
62.65 ; 14147.7 ; 53630.3
62.7 ; 14027.3 ; 53416.8
62.75 ; 13912 ; 53191.1
62.8 ; 13801.9 ; 52954
62.85 ; 13697.1 ; 52706
62.9 ; 13597.5 ; 52447.6
62.95 ; 13503.1 ; 52179.6
63 ; 13413.7 ; 51902.7
63.05 ; 13329.5 ; 51617.4
63.1 ; 13250.2 ; 51324.6
63.15 ; 13175.7 ; 51024.9
63.2 ; 13106 ; 50719.1
63.25 ; 13041 ; 50407.8
63.3 ; 12980.5 ; 50091.8
63.35 ; 12924.3 ; 49771.7
63.4 ; 12872.4 ; 49448.3
63.45 ; 12824.6 ; 49122.3
63.5 ; 12780.7 ; 48794.3
63.55 ; 12740.6 ; 48464.9
63.6 ; 12704 ; 48134.8
63.65 ; 12671 ; 47804.6
63.7 ; 12641.2 ; 47474.8
63.75 ; 12614.7 ; 47145.9
63.8 ; 12591.1 ; 46818.5
63.85 ; 12570.4 ; 46493
63.9 ; 12552.4 ; 46169.9
63.95 ; 12537.1 ; 45849.6
64 ; 12524.2 ; 45532.4
64.05 ; 12513.7 ; 45218.6
64.1 ; 12505.4 ; 44908.7
64.15 ; 12499.3 ; 44602.8
64.2 ; 12495.3 ; 44301.2
64.25 ; 12493.2 ; 44004.1
64.3 ; 12493 ; 43711.8
64.35 ; 12494.7 ; 43424.3
64.4 ; 12498.1 ; 43141.9
64.45 ; 12503.2 ; 42864.6
64.5 ; 12509.9 ; 42592.7
64.55 ; 12518.2 ; 42326
64.6 ; 12528.1 ; 42064.8
64.65 ; 12539.5 ; 41809
64.7 ; 12552.3 ; 41558.7
64.75 ; 12566.7 ; 41313.9
64.8 ; 12582.4 ; 41074.7
64.85 ; 12599.6 ; 40840.9
64.9 ; 12618.2 ; 40612.7
64.95 ; 12638.2 ; 40390
65 ; 12659.6 ; 40172.7
65.05 ; 12682.4 ; 39960.8
65.1 ; 12706.6 ; 39754.4
65.15 ; 12732.1 ; 39553.2
65.2 ; 12759.1 ; 39357.4
65.25 ; 12787.5 ; 39166.8
65.3 ; 12817.3 ; 38981.3
65.35 ; 12848.6 ; 38800.9
65.4 ; 12881.3 ; 38625.6
65.45 ; 12915.5 ; 38455.2
65.5 ; 12951.2 ; 38289.8
65.55 ; 12988.4 ; 38129.1
65.6 ; 13027.2 ; 37973.2
65.65 ; 13067.5 ; 37822
65.7 ; 13109.4 ; 37675.3
65.75 ; 13152.9 ; 37533.2
65.8 ; 13198.1 ; 37395.5
65.85 ; 13244.9 ; 37262.2
65.9 ; 13293.5 ; 37133.1
65.95 ; 13343.8 ; 37008.3
66 ; 13395.8 ; 36887.5
66.05 ; 13449.7 ; 36770.9
66.1 ; 13505.4 ; 36658.2
66.15 ; 13563 ; 36549.4
66.2 ; 13622.5 ; 36444.4
66.25 ; 13684 ; 36343.2
66.3 ; 13747.5 ; 36245.6
66.35 ; 13812.9 ; 36151.7
66.4 ; 13880.5 ; 36061.3
66.45 ; 13950.1 ; 35974.3
66.5 ; 14021.9 ; 35890.8
66.55 ; 14095.8 ; 35810.7
66.6 ; 14172 ; 35733.8
66.65 ; 14250.4 ; 35660.3
66.7 ; 14331 ; 35589.9
66.75 ; 14414 ; 35522.7
66.8 ; 14499.3 ; 35458.7
66.85 ; 14586.9 ; 35397.7
66.9 ; 14676.9 ; 35339.9
66.95 ; 14769.4 ; 35285.1
67 ; 14864.2 ; 35233.4
67.05 ; 14961.5 ; 35184.7
67.1 ; 15061.3 ; 35139
67.15 ; 15163.5 ; 35096.5
67.2 ; 15268.2 ; 35056.9
67.25 ; 15375.3 ; 35020.5
67.3 ; 15484.9 ; 34987.2
67.35 ; 15597 ; 34957
67.4 ; 15711.5 ; 34930.1
67.45 ; 15828.4 ; 34906.3
67.5 ; 15947.8 ; 34885.8
67.55 ; 16069.5 ; 34868.6
67.6 ; 16193.6 ; 34854.8
67.65 ; 16320 ; 34844.5
67.7 ; 16448.7 ; 34837.6
67.75 ; 16579.6 ; 34834.3
67.8 ; 16712.7 ; 34834.6
67.85 ; 16847.9 ; 34838.7
67.9 ; 16985.2 ; 34846.5
67.95 ; 17124.5 ; 34858.1
68 ; 17265.8 ; 34873.7
68.05 ; 17408.8 ; 34893.2
68.1 ; 17553.7 ; 34916.8
68.15 ; 17700.3 ; 34944.6
68.2 ; 17848.5 ; 34976.5
68.25 ; 17998.2 ; 35012.6
68.3 ; 18149.3 ; 35053.1
68.35 ; 18301.7 ; 35098
68.4 ; 18455.4 ; 35147.2
68.45 ; 18610.2 ; 35201
68.5 ; 18765.9 ; 35259.3
68.55 ; 18922.6 ; 35322.1
68.6 ; 19080 ; 35389.5
68.65 ; 19238 ; 35461.6
68.7 ; 19396.6 ; 35538.4
68.75 ; 19555.5 ; 35619.8
68.8 ; 19714.7 ; 35706
68.85 ; 19873.9 ; 35796.9
68.9 ; 20033.2 ; 35892.5
68.95 ; 20192.2 ; 35992.9
69 ; 20350.9 ; 36098.1
69.05 ; 20509.1 ; 36208.1
69.1 ; 20666.7 ; 36322.8
69.15 ; 20823.5 ; 36442.3
69.2 ; 20979.4 ; 36566.6
69.25 ; 21134.1 ; 36695.6
69.3 ; 21287.6 ; 36829.3
69.35 ; 21439.6 ; 36967.8
69.4 ; 21590 ; 37111
69.45 ; 21738.6 ; 37258.9
69.5 ; 21885.2 ; 37411.5
69.55 ; 22029.7 ; 37568.7
69.6 ; 22171.9 ; 37730.6
69.65 ; 22311.6 ; 37897.1
69.7 ; 22448.7 ; 38068.1
69.75 ; 22582.9 ; 38243.7
69.8 ; 22714.1 ; 38423.8
69.85 ; 22842 ; 38608.4
69.9 ; 22966.6 ; 38797.5
69.95 ; 23087.7 ; 38991
70 ; 23205 ; 39188.9
70.05 ; 23318.3 ; 39391.1
70.1 ; 23427.6 ; 39597.7
70.15 ; 23532.7 ; 39808.6
70.2 ; 23633.3 ; 40023.7
70.25 ; 23729.3 ; 40243
70.3 ; 23820.5 ; 40466.4
70.35 ; 23906.8 ; 40694
70.4 ; 23988 ; 40925.6
70.45 ; 24063.9 ; 41161.3
70.5 ; 24134.4 ; 41400.9
70.55 ; 24199.4 ; 41644.3
70.6 ; 24258.7 ; 41891.6
70.65 ; 24312.2 ; 42142.7
70.7 ; 24359.8 ; 42397.4
70.75 ; 24401.2 ; 42655.8
70.8 ; 24436.5 ; 42917.6
70.85 ; 24465.4 ; 43182.9
70.9 ; 24487.9 ; 43451.4
70.95 ; 24504 ; 43723.2
71 ; 24513.4 ; 43998
71.05 ; 24516.1 ; 44275.9
71.1 ; 24512.1 ; 44556.5
71.15 ; 24501.3 ; 44839.8
71.2 ; 24483.6 ; 45125.6
71.25 ; 24459.1 ; 45413.8
71.3 ; 24427.6 ; 45704.1
71.35 ; 24389.1 ; 45996.4
71.4 ; 24343.6 ; 46290.4
71.45 ; 24291.2 ; 46585.9
71.5 ; 24231.9 ; 46882.8
71.55 ; 24165.6 ; 47180.6
71.6 ; 24092.4 ; 47479.3
71.65 ; 24012.4 ; 47778.4
71.7 ; 23925.6 ; 48077.6
71.75 ; 23832.1 ; 48376.8
71.8 ; 23731.9 ; 48675.4
71.85 ; 23625.2 ; 48973.3
71.9 ; 23512.2 ; 49269.9
71.95 ; 23392.8 ; 49565
72 ; 23267.3 ; 49858.2
72.05 ; 23135.8 ; 50149
72.1 ; 22998.4 ; 50437
72.15 ; 22855.4 ; 50721.8
72.2 ; 22706.9 ; 51002.9
72.25 ; 22553.1 ; 51280
72.3 ; 22394.3 ; 51552.5
72.35 ; 22230.6 ; 51820
72.4 ; 22062.3 ; 52081.9
72.45 ; 21889.6 ; 52337.9
72.5 ; 21712.8 ; 52587.4
72.55 ; 21532.1 ; 52829.9
72.6 ; 21347.9 ; 53065.1
72.65 ; 21160.3 ; 53292.3
72.7 ; 20969.7 ; 53511.1
72.75 ; 20776.4 ; 53721
72.8 ; 20580.5 ; 53921.6
72.85 ; 20382.6 ; 54112.4
72.9 ; 20182.8 ; 54293.1
72.95 ; 19981.4 ; 54463
73 ; 19778.8 ; 54621.9
73.05 ; 19575.2 ; 54769.4
73.1 ; 19371 ; 54905.1
73.15 ; 19166.5 ; 55028.7
73.2 ; 18961.9 ; 55139.8
73.25 ; 18757.5 ; 55238.1
73.3 ; 18553.7 ; 55323.5
73.35 ; 18350.7 ; 55395.6
73.4 ; 18148.8 ; 55454.2
73.45 ; 17948.3 ; 55499.3
73.5 ; 17749.3 ; 55530.6
73.55 ; 17552.3 ; 55548
73.6 ; 17357.4 ; 55551.5
73.65 ; 17164.8 ; 55541.1
73.7 ; 16974.7 ; 55516.7
73.75 ; 16787.5 ; 55478.4
73.8 ; 16603.2 ; 55426.2
73.85 ; 16422 ; 55360.2
73.9 ; 16244.2 ; 55280.5
73.95 ; 16069.8 ; 55187.4
74 ; 15899.1 ; 55080.9
74.05 ; 15732.1 ; 54961.4
74.1 ; 15569 ; 54828.9
74.15 ; 15409.9 ; 54683.9
74.2 ; 15254.9 ; 54526.6
74.25 ; 15104.1 ; 54357.2
74.3 ; 14957.6 ; 54176.2
74.35 ; 14815.3 ; 53983.9
74.4 ; 14677.5 ; 53780.6
74.45 ; 14544.1 ; 53566.7
74.5 ; 14415.2 ; 53342.7
74.55 ; 14290.8 ; 53108.8
74.6 ; 14170.9 ; 52865.6
74.65 ; 14055.6 ; 52613.5
74.7 ; 13944.8 ; 52352.8
74.75 ; 13838.5 ; 52084.1
74.8 ; 13736.8 ; 51807.7
74.85 ; 13639.6 ; 51524.2
74.9 ; 13546.9 ; 51234
74.95 ; 13458.7 ; 50937.4
75 ; 13375 ; 50635.1
75.05 ; 13295.6 ; 50327.5
75.1 ; 13220.7 ; 50015
75.15 ; 13150 ; 49698.1
75.2 ; 13083.7 ; 49377.2
75.25 ; 13021.5 ; 49053
75.3 ; 12963.5 ; 48725.8
75.35 ; 12909.5 ; 48396.1
75.4 ; 12859.5 ; 48064.4
75.45 ; 12813.4 ; 47731.2
75.5 ; 12771.1 ; 47397
75.55 ; 12732.6 ; 47062.3
75.6 ; 12697.6 ; 46727.4
75.65 ; 12666.1 ; 46392.9
75.7 ; 12638 ; 46059.3
75.75 ; 12613.3 ; 45726.9
75.8 ; 12591.7 ; 45396.2
75.85 ; 12573.1 ; 45067.5
75.9 ; 12557.6 ; 44741.4
75.95 ; 12544.9 ; 44418.1
76 ; 12534.9 ; 44098
76.05 ; 12527.6 ; 43781.4
76.1 ; 12522.9 ; 43468.6
76.15 ; 12520.6 ; 43160
76.2 ; 12520.8 ; 42855.6
76.25 ; 12523.2 ; 42555.9
76.3 ; 12527.8 ; 42261
76.35 ; 12534.6 ; 41971
76.4 ; 12543.5 ; 41686.2
76.45 ; 12554.4 ; 41406.6
76.5 ; 12567.3 ; 41132.4
76.55 ; 12582.1 ; 40863.7
76.6 ; 12598.8 ; 40600.5
76.65 ; 12617.4 ; 40342.9
76.7 ; 12637.8 ; 40090.9
76.75 ; 12660.1 ; 39844.5
76.8 ; 12684.1 ; 39603.8
76.85 ; 12709.9 ; 39368.7
76.9 ; 12737.5 ; 39139.1
76.95 ; 12766.9 ; 38915.1
77 ; 12798.1 ; 38696.6
77.05 ; 12831 ; 38483.4
77.1 ; 12865.8 ; 38275.6
77.15 ; 12902.4 ; 38073
77.2 ; 12940.9 ; 37875.6
77.25 ; 12981.2 ; 37683.2
77.3 ; 13023.5 ; 37495.6
77.35 ; 13067.7 ; 37312.9
77.4 ; 13113.8 ; 37134.9
77.45 ; 13162.1 ; 36961.4
77.5 ; 13212.3 ; 36792.4
77.55 ; 13264.7 ; 36627.7
77.6 ; 13319.2 ; 36467.2
77.65 ; 13376 ; 36310.7
77.7 ; 13435 ; 36158.3
77.75 ; 13496.2 ; 36009.7
77.8 ; 13559.9 ; 35864.9
77.85 ; 13625.9 ; 35723.7
77.9 ; 13694.3 ; 35586.2
77.95 ; 13765.2 ; 35452.1
78 ; 13838.5 ; 35321.6
78.05 ; 13914.5 ; 35194.4
78.1 ; 13993 ; 35070.6
78.15 ; 14074.1 ; 34950.1
78.2 ; 14157.8 ; 34833
78.25 ; 14244.1 ; 34719.2
78.3 ; 14333.1 ; 34608.7
78.35 ; 14424.8 ; 34501.5
78.4 ; 14519.1 ; 34397.8
78.45 ; 14616 ; 34297.4
78.5 ; 14715.7 ; 34200.6
78.55 ; 14817.9 ; 34107.3
78.6 ; 14922.8 ; 34017.7
78.65 ; 15030.2 ; 33931.8
78.7 ; 15140.2 ; 33849.6
78.75 ; 15252.8 ; 33771.4
78.8 ; 15367.8 ; 33697.2
78.85 ; 15485.3 ; 33627
78.9 ; 15605.1 ; 33561.1
78.95 ; 15727.3 ; 33499.5
79 ; 15851.8 ; 33442.3
79.05 ; 15978.5 ; 33389.6
79.1 ; 16107.4 ; 33341.5
79.15 ; 16238.4 ; 33298.2
79.2 ; 16371.4 ; 33259.6
79.25 ; 16506.4 ; 33225.9
79.3 ; 16643.3 ; 33197.2
79.35 ; 16782.1 ; 33173.5
79.4 ; 16922.6 ; 33154.8
79.45 ; 17064.9 ; 33141.3
79.5 ; 17208.8 ; 33133
79.55 ; 17354.2 ; 33130
79.6 ; 17501.1 ; 33132.2
79.65 ; 17649.5 ; 33139.6
79.7 ; 17799.2 ; 33152.4
79.75 ; 17950.2 ; 33170.4
79.8 ; 18102.4 ; 33193.8
79.85 ; 18255.7 ; 33222.4
79.9 ; 18410 ; 33256.3
79.95 ; 18565.3 ; 33295.5
80 ; 18721.6 ; 33339.9
80.05 ; 18878.6 ; 33389.6
80.1 ; 19036.4 ; 33444.4
80.15 ; 19194.8 ; 33504.3
80.2 ; 19353.8 ; 33569.3
80.25 ; 19513.3 ; 33639.4
80.3 ; 19673.2 ; 33714.5
80.35 ; 19833.4 ; 33794.5
80.4 ; 19993.8 ; 33879.4
80.45 ; 20154.4 ; 33969.1
80.5 ; 20314.9 ; 34063.6
80.55 ; 20475.5 ; 34162.8
80.6 ; 20635.8 ; 34266.7
80.65 ; 20795.9 ; 34375.1
80.7 ; 20955.6 ; 34488.1
80.75 ; 21114.9 ; 34605.5
80.8 ; 21273.5 ; 34727.4
80.85 ; 21431.5 ; 34853.5
80.9 ; 21588.7 ; 34984
80.95 ; 21744.9 ; 35118.6
81 ; 21900.2 ; 35257.5
81.05 ; 22054.3 ; 35400.4
81.1 ; 22207.1 ; 35547.4
81.15 ; 22358.5 ; 35698.3
81.2 ; 22508.4 ; 35853.2
81.25 ; 22656.7 ; 36012
81.3 ; 22803.1 ; 36174.7
81.35 ; 22947.7 ; 36341.1
81.4 ; 23090.3 ; 36511.3
81.45 ; 23230.7 ; 36685.2
81.5 ; 23368.8 ; 36862.7
81.55 ; 23504.4 ; 37044
81.6 ; 23637.5 ; 37228.8
81.65 ; 23767.9 ; 37417.1
81.7 ; 23895.4 ; 37609
81.75 ; 24019.9 ; 37804.4
81.8 ; 24141.3 ; 38003.3
81.85 ; 24259.5 ; 38205.6
81.9 ; 24374.3 ; 38411.2
81.95 ; 24485.5 ; 38620.3
82 ; 24593 ; 38832.6
82.05 ; 24696.8 ; 39048.3
82.1 ; 24796.6 ; 39267.2
82.15 ; 24892.4 ; 39489.3
82.2 ; 24983.9 ; 39714.6
82.25 ; 25071.1 ; 39943.1
82.3 ; 25153.9 ; 40174.6
82.35 ; 25232.1 ; 40409.2
82.4 ; 25305.6 ; 40646.8
82.45 ; 25374.3 ; 40887.3
82.5 ; 25438 ; 41130.8
82.55 ; 25496.7 ; 41377.1
82.6 ; 25550.2 ; 41626.1
82.65 ; 25598.5 ; 41877.9
82.7 ; 25641.4 ; 42132.3
82.75 ; 25678.9 ; 42389.3
82.8 ; 25710.7 ; 42648.7
82.85 ; 25737 ; 42910.5
82.9 ; 25757.5 ; 43174.5
82.95 ; 25772.2 ; 43440.7
83 ; 25781.1 ; 43708.9
83.05 ; 25784 ; 43979
83.1 ; 25780.9 ; 44250.8
83.15 ; 25771.8 ; 44524.2
83.2 ; 25756.7 ; 44799
83.25 ; 25735.4 ; 45075
83.3 ; 25708 ; 45352
83.35 ; 25674.6 ; 45629.8
83.4 ; 25634.9 ; 45908.2
83.45 ; 25589.2 ; 46187
83.5 ; 25537.4 ; 46465.8
83.55 ; 25479.5 ; 46744.4
83.6 ; 25415.7 ; 47022.6
83.65 ; 25345.8 ; 47300
83.7 ; 25270 ; 47576.5
83.75 ; 25188.4 ; 47851.5
83.8 ; 25101.1 ; 48124.9
83.85 ; 25008.1 ; 48396.4
83.9 ; 24909.6 ; 48665.5
83.95 ; 24805.6 ; 48931.9
84 ; 24696.3 ; 49195.4
84.05 ; 24581.8 ; 49455.5
84.1 ; 24462.3 ; 49711.9
84.15 ; 24337.8 ; 49964.3
84.2 ; 24208.7 ; 50212.3
84.25 ; 24075 ; 50455.5
84.3 ; 23936.9 ; 50693.7
84.35 ; 23794.5 ; 50926.3
84.4 ; 23648.2 ; 51153.3
84.45 ; 23497.9 ; 51374.1
84.5 ; 23344.1 ; 51588.4
84.55 ; 23186.8 ; 51796
84.6 ; 23026.2 ; 51996.6
84.65 ; 22862.6 ; 52189.9
84.7 ; 22696.2 ; 52375.5
84.75 ; 22527.1 ; 52553.2
84.8 ; 22355.6 ; 52722.8
84.85 ; 22181.9 ; 52884.1
84.9 ; 22006.1 ; 53036.9
84.95 ; 21828.5 ; 53180.9
85 ; 21649.3 ; 53316
85.05 ; 21468.6 ; 53442.1
85.1 ; 21286.7 ; 53559
85.15 ; 21103.7 ; 53666.7
85.2 ; 20919.8 ; 53765.1
85.25 ; 20735.2 ; 53854
85.3 ; 20550 ; 53933.5
85.35 ; 20364.4 ; 54003.5
85.4 ; 20178.6 ; 54064.1
85.45 ; 19992.6 ; 54115.3
85.5 ; 19806.7 ; 54157
85.55 ; 19620.9 ; 54189.3
85.6 ; 19435.4 ; 54212.3
85.65 ; 19250.2 ; 54226.1
85.7 ; 19065.6 ; 54230.6
85.75 ; 18881.7 ; 54226
85.8 ; 18698.5 ; 54212.3
85.85 ; 18516.1 ; 54189.7
85.9 ; 18334.8 ; 54158.1
85.95 ; 18154.5 ; 54117.7
86 ; 17975.4 ; 54068.6
86.05 ; 17797.6 ; 54010.7
86.1 ; 17621.2 ; 53944.1
86.15 ; 17446.4 ; 53869
86.2 ; 17273.2 ; 53785.3
86.25 ; 17101.8 ; 53693
86.3 ; 16932.2 ; 53592.3
86.35 ; 16764.7 ; 53483.2
86.4 ; 16599.4 ; 53365.6
86.45 ; 16436.3 ; 53239.5
86.5 ; 16275.7 ; 53105.2
86.55 ; 16117.6 ; 52962.4
86.6 ; 15962.2 ; 52811.4
86.65 ; 15809.7 ; 52652
86.7 ; 15660.1 ; 52484.5
86.75 ; 15513.5 ; 52308.8
86.8 ; 15370.2 ; 52125.1
86.85 ; 15230.2 ; 51933.4
86.9 ; 15093.7 ; 51733.8
86.95 ; 14960.7 ; 51526.5
87 ; 14831.3 ; 51311.6
87.05 ; 14705.7 ; 51089.3
87.1 ; 14583.9 ; 50859.8
87.15 ; 14466.1 ; 50623.3
87.2 ; 14352.2 ; 50380
87.25 ; 14242.4 ; 50130.1
87.3 ; 14136.7 ; 49873.8
87.35 ; 14035.2 ; 49611.6
87.4 ; 13937.9 ; 49343.5
87.45 ; 13844.8 ; 49070
87.5 ; 13756 ; 48791.2
87.55 ; 13671.5 ; 48507.6
87.6 ; 13591.3 ; 48219.4
87.65 ; 13515.5 ; 47927
87.7 ; 13444 ; 47630.7
87.75 ; 13376.8 ; 47330.8
87.8 ; 13314 ; 47027.7
87.85 ; 13255.4 ; 46721.8
87.9 ; 13201.1 ; 46413.4
87.95 ; 13151.1 ; 46102.9
88 ; 13105.3 ; 45790.7
88.05 ; 13063.7 ; 45477.1
88.1 ; 13026.2 ; 45162.5
88.15 ; 12992.8 ; 44847.2
88.2 ; 12963.3 ; 44531.7
88.25 ; 12937.9 ; 44216.4
88.3 ; 12916.3 ; 43901.5
88.35 ; 12898.5 ; 43587.4
88.4 ; 12884.4 ; 43274.6
88.45 ; 12874.1 ; 42963.2
88.5 ; 12867.3 ; 42653.6
88.55 ; 12864 ; 42346.1
88.6 ; 12864.1 ; 42041
88.65 ; 12867.7 ; 41738.6
88.7 ; 12874.5 ; 41439.1
88.75 ; 12884.6 ; 41142.6
88.8 ; 12897.8 ; 40849.4
88.85 ; 12914.2 ; 40559.7
88.9 ; 12933.7 ; 40273.6
88.95 ; 12956.2 ; 39991.1
89 ; 12981.8 ; 39712.5
89.05 ; 13010.3 ; 39437.8
89.1 ; 13041.8 ; 39167
89.15 ; 13076.3 ; 38900.2
89.2 ; 13113.8 ; 38637.4
89.25 ; 13154.1 ; 38378.7
89.3 ; 13197.5 ; 38124.1
89.35 ; 13243.8 ; 37873.5
89.4 ; 13293 ; 37626.9
89.45 ; 13345.2 ; 37384.4
89.5 ; 13400.4 ; 37146
89.55 ; 13458.6 ; 36911.7
89.6 ; 13519.7 ; 36681.4
89.65 ; 13583.8 ; 36455.2
89.7 ; 13650.9 ; 36233.1
89.75 ; 13721 ; 36015.1
89.8 ; 13794 ; 35801.4
89.85 ; 13870 ; 35591.8
89.9 ; 13949 ; 35386.6
89.95 ; 14030.8 ; 35185.7
90 ; 14115.6 ; 34989.3
90.05 ; 14203.2 ; 34797.4
90.1 ; 14293.7 ; 34610.1
90.15 ; 14386.9 ; 34427.6
90.2 ; 14482.8 ; 34250
90.25 ; 14581.4 ; 34077.4
90.3 ; 14682.7 ; 33909.9
90.35 ; 14786.5 ; 33747.6
90.4 ; 14892.8 ; 33590.7
90.45 ; 15001.5 ; 33439.3
90.5 ; 15112.5 ; 33293.5
90.55 ; 15225.8 ; 33153.5
90.6 ; 15341.4 ; 33019.4
90.65 ; 15459 ; 32891.3
90.7 ; 15578.7 ; 32769.2
90.75 ; 15700.4 ; 32653.3
90.8 ; 15824 ; 32543.6
90.85 ; 15949.4 ; 32440.3
90.9 ; 16076.6 ; 32343.3
90.95 ; 16205.5 ; 32252.8
91 ; 16336.1 ; 32168.7
91.05 ; 16468.2 ; 32091
91.1 ; 16601.8 ; 32019.9
91.15 ; 16736.9 ; 31955.2
91.2 ; 16873.3 ; 31897
91.25 ; 17011.2 ; 31845.3
91.3 ; 17150.3 ; 31799.9
91.35 ; 17290.6 ; 31761
91.4 ; 17432.2 ; 31728.4
91.45 ; 17574.9 ; 31702.1
91.5 ; 17718.7 ; 31682.1
91.55 ; 17863.5 ; 31668.2
91.6 ; 18009.3 ; 31660.5
91.65 ; 18156.1 ; 31658.8
91.7 ; 18303.7 ; 31663.2
91.75 ; 18452.2 ; 31673.4
91.8 ; 18601.5 ; 31689.6
91.85 ; 18751.5 ; 31711.5
91.9 ; 18902.2 ; 31739.1
91.95 ; 19053.6 ; 31772.3
92 ; 19205.5 ; 31811.1
92.05 ; 19357.9 ; 31855.4
92.1 ; 19510.7 ; 31905
92.15 ; 19664 ; 31960
92.2 ; 19817.6 ; 32020.1
92.25 ; 19971.4 ; 32085.4
92.3 ; 20125.5 ; 32155.7
92.35 ; 20279.7 ; 32231
92.4 ; 20434 ; 32311.1
92.45 ; 20588.4 ; 32395.9
92.5 ; 20742.7 ; 32485.5
92.55 ; 20896.8 ; 32579.6
92.6 ; 21050.8 ; 32678.1
92.65 ; 21204.5 ; 32781.1
92.7 ; 21357.9 ; 32888.4
92.75 ; 21510.9 ; 32999.9
92.8 ; 21663.5 ; 33115.5
92.85 ; 21815.5 ; 33235.1
92.9 ; 21966.9 ; 33358.6
92.95 ; 22117.6 ; 33486
93 ; 22267.5 ; 33617.2
93.05 ; 22416.6 ; 33752.1
93.1 ; 22564.7 ; 33890.6
93.15 ; 22711.9 ; 34032.6
93.2 ; 22857.9 ; 34178.1
93.25 ; 23002.8 ; 34327
93.3 ; 23146.4 ; 34479.2
93.35 ; 23288.7 ; 34634.8
93.4 ; 23429.5 ; 34793.6
93.45 ; 23568.8 ; 34955.5
93.5 ; 23706.5 ; 35120.7
93.55 ; 23842.4 ; 35288.9
93.6 ; 23976.5 ; 35460.2
93.65 ; 24108.7 ; 35634.5
93.7 ; 24238.9 ; 35811.9
93.75 ; 24366.9 ; 35992.2
93.8 ; 24492.8 ; 36175.4
93.85 ; 24616.3 ; 36361.6
93.9 ; 24737.4 ; 36550.6
93.95 ; 24855.9 ; 36742.4
94 ; 24971.8 ; 36937.1
94.05 ; 25085.1 ; 37134.6
94.1 ; 25195.4 ; 37334.7
94.15 ; 25302.9 ; 37537.6
94.2 ; 25407.3 ; 37743.2
94.25 ; 25508.7 ; 37951.4
94.3 ; 25606.8 ; 38162.2
94.35 ; 25701.5 ; 38375.5
94.4 ; 25792.9 ; 38591.4
94.45 ; 25880.8 ; 38809.8
94.5 ; 25965 ; 39030.6
94.55 ; 26045.5 ; 39253.8
94.6 ; 26122.3 ; 39479.4
94.65 ; 26195.1 ; 39707.2
94.7 ; 26264 ; 39937.3
94.75 ; 26328.7 ; 40169.6
94.8 ; 26389.4 ; 40404.1
94.85 ; 26445.7 ; 40640.6
94.9 ; 26497.8 ; 40879
94.95 ; 26545.4 ; 41119.4
95 ; 26588.6 ; 41361.6
95.05 ; 26627.2 ; 41605.5
95.1 ; 26661.2 ; 41851.1
95.15 ; 26690.6 ; 42098.2
95.2 ; 26715.1 ; 42346.8
95.25 ; 26734.9 ; 42596.6
95.3 ; 26749.8 ; 42847.7
95.35 ; 26759.8 ; 43099.8
95.4 ; 26764.8 ; 43352.8
95.45 ; 26764.8 ; 43606.6
95.5 ; 26759.8 ; 43861.1
95.55 ; 26749.8 ; 44116
95.6 ; 26734.7 ; 44371.1
95.65 ; 26714.5 ; 44626.4
95.7 ; 26689.2 ; 44881.6
95.75 ; 26658.8 ; 45136.5
95.8 ; 26623.3 ; 45390.9
95.85 ; 26582.7 ; 45644.5
95.9 ; 26537.1 ; 45897.2
95.95 ; 26486.5 ; 46148.7
96 ; 26431 ; 46398.6
96.05 ; 26370.4 ; 46646.9
96.1 ; 26305.1 ; 46893.1
96.15 ; 26234.9 ; 47137.1
96.2 ; 26160 ; 47378.5
96.25 ; 26080.5 ; 47617.2
96.3 ; 25996.4 ; 47852.7
96.35 ; 25907.8 ; 48084.8
96.4 ; 25814.8 ; 48313.3
96.45 ; 25717.6 ; 48537.9
96.5 ; 25616.2 ; 48758.2
96.55 ; 25510.8 ; 48974.2
96.6 ; 25401.4 ; 49185.4
96.65 ; 25288.2 ; 49391.7
96.7 ; 25171.3 ; 49592.7
96.75 ; 25050.8 ; 49788.4
96.8 ; 24926.8 ; 49978.5
96.85 ; 24799.5 ; 50162.7
96.9 ; 24669 ; 50340.9
96.95 ; 24535.4 ; 50513
97 ; 24398.9 ; 50678.6
97.05 ; 24259.5 ; 50837.8
97.1 ; 24117.4 ; 50990.4
97.15 ; 23972.8 ; 51136.2
97.2 ; 23825.6 ; 51275.1
97.25 ; 23676.1 ; 51407.1
97.3 ; 23524.4 ; 51532.1
97.35 ; 23370.6 ; 51650
97.4 ; 23214.8 ; 51760.8
97.45 ; 23057.1 ; 51864.4
97.5 ; 22897.7 ; 51960.8
97.55 ; 22736.6 ; 52050.1
97.6 ; 22573.9 ; 52132.2
97.65 ; 22409.7 ; 52207.2
97.7 ; 22244.1 ; 52275.1
97.75 ; 22077.3 ; 52336
97.8 ; 21909.3 ; 52389.9
97.85 ; 21740.1 ; 52436.8
97.9 ; 21569.9 ; 52476.8
97.95 ; 21398.8 ; 52510
98 ; 21226.9 ; 52536.4
98.05 ; 21054.2 ; 52556
98.1 ; 20880.8 ; 52569
98.15 ; 20706.9 ; 52575.2
98.2 ; 20532.5 ; 52574.9
98.25 ; 20357.8 ; 52567.8
98.3 ; 20182.8 ; 52554.2
98.35 ; 20007.8 ; 52533.9
98.4 ; 19832.7 ; 52506.9
98.45 ; 19657.8 ; 52473.2
98.5 ; 19483.2 ; 52432.8
98.55 ; 19309.1 ; 52385.6
98.6 ; 19135.5 ; 52331.6
98.65 ; 18962.6 ; 52270.7
98.7 ; 18790.6 ; 52203
98.75 ; 18619.6 ; 52128.4
98.8 ; 18449.7 ; 52046.8
98.85 ; 18281.2 ; 51958.3
98.9 ; 18114.2 ; 51862.9
98.95 ; 17948.7 ; 51760.6
99 ; 17785 ; 51651.3
99.05 ; 17623.1 ; 51535.2
99.1 ; 17463.3 ; 51412.3
99.15 ; 17305.6 ; 51282.6
99.2 ; 17150.2 ; 51146.2
99.25 ; 16997.1 ; 51003.2
99.3 ; 16846.5 ; 50853.6
99.35 ; 16698.6 ; 50697.7
99.4 ; 16553.3 ; 50535.5
99.45 ; 16410.8 ; 50367.1
99.5 ; 16271.2 ; 50192.7
99.55 ; 16134.6 ; 50012.4
99.6 ; 16001.1 ; 49826.4
99.65 ; 15870.7 ; 49634.8
99.7 ; 15743.5 ; 49437.9
99.75 ; 15619.5 ; 49235.9
99.8 ; 15498.9 ; 49028.8
99.85 ; 15381.6 ; 48816.9
99.9 ; 15267.7 ; 48600.5
99.95 ; 15157.3 ; 48379.7
100 ; 15050.4 ; 48154.6
100.05 ; 14947.1 ; 47925.5
100.1 ; 14847.2 ; 47692.6
100.15 ; 14751 ; 47456
100.2 ; 14658.5 ; 47215.8
100.25 ; 14569.6 ; 46972.3
100.3 ; 14484.5 ; 46725.6
100.35 ; 14403.1 ; 46475.7
100.4 ; 14325.6 ; 46222.7
100.45 ; 14251.9 ; 45966.9
100.5 ; 14182.2 ; 45708.2
100.55 ; 14116.6 ; 45446.7
100.6 ; 14054.9 ; 45182.5
100.65 ; 13997.4 ; 44915.6
100.7 ; 13944.1 ; 44646.1
100.75 ; 13895.1 ; 44374.1
100.8 ; 13850.5 ; 44099.7
100.85 ; 13810.2 ; 43822.8
100.9 ; 13774.4 ; 43543.6
100.95 ; 13743.1 ; 43262.2
101 ; 13716.4 ; 42978.6
101.05 ; 13694.3 ; 42693.1
101.1 ; 13676.8 ; 42405.7
101.15 ; 13664.1 ; 42116.6
101.2 ; 13656.1 ; 41826
101.25 ; 13652.8 ; 41534.1
101.3 ; 13654.2 ; 41241.1
101.35 ; 13660.3 ; 40947.3
101.4 ; 13671.1 ; 40652.8
101.45 ; 13686.6 ; 40358.1
101.5 ; 13706.7 ; 40063.3
101.55 ; 13731.3 ; 39768.8
101.6 ; 13760.5 ; 39475
101.65 ; 13794.1 ; 39182
101.7 ; 13832.1 ; 38890.3
101.75 ; 13874.4 ; 38600.2
101.8 ; 13920.9 ; 38312
101.85 ; 13971.4 ; 38026
101.9 ; 14026.1 ; 37742.6
101.95 ; 14084.6 ; 37462.1
102 ; 14147 ; 37184.7
102.05 ; 14213.1 ; 36910.8
102.1 ; 14282.8 ; 36640.7
102.15 ; 14356.1 ; 36374.7
102.2 ; 14432.9 ; 36113
102.25 ; 14512.9 ; 35855.8
102.3 ; 14596.2 ; 35603.5
102.35 ; 14682.7 ; 35356.3
102.4 ; 14772.2 ; 35114.3
102.45 ; 14864.6 ; 34877.9
102.5 ; 14959.8 ; 34647.3
102.55 ; 15057.8 ; 34422.5
102.6 ; 15158.4 ; 34203.9
102.65 ; 15261.6 ; 33991.7
102.7 ; 15367.2 ; 33785.8
102.75 ; 15475.1 ; 33586.6
102.8 ; 15585.2 ; 33394.2
102.85 ; 15697.5 ; 33208.7
102.9 ; 15811.8 ; 33030.1
102.95 ; 15928.1 ; 32858.7
103 ; 16046.2 ; 32694.4
103.05 ; 16166.2 ; 32537.4
103.1 ; 16287.8 ; 32387.7
103.15 ; 16411.1 ; 32245.3
103.2 ; 16535.9 ; 32110.3
103.25 ; 16662.3 ; 31982.6
103.3 ; 16790 ; 31862.2
103.35 ; 16919.2 ; 31749.2
103.4 ; 17049.6 ; 31643.5
103.45 ; 17181.4 ; 31545
103.5 ; 17314.3 ; 31453.7
103.55 ; 17448.4 ; 31369.5
103.6 ; 17583.6 ; 31292.5
103.65 ; 17719.9 ; 31222.5
103.7 ; 17857.2 ; 31159.4
103.75 ; 17995.5 ; 31103.2
103.8 ; 18134.8 ; 31053.8
103.85 ; 18274.9 ; 31011.2
103.9 ; 18415.8 ; 30975.2
103.95 ; 18557.6 ; 30945.7
104 ; 18700.1 ; 30922.8
104.05 ; 18843.3 ; 30906.3
104.1 ; 18987.2 ; 30896.1
104.15 ; 19131.7 ; 30892.2
104.2 ; 19276.8 ; 30894.4
104.25 ; 19422.3 ; 30902.6
104.3 ; 19568.4 ; 30916.8
104.35 ; 19714.9 ; 30936.9
104.4 ; 19861.7 ; 30962.7
104.45 ; 20008.9 ; 30994.3
104.5 ; 20156.4 ; 31031.4
104.55 ; 20304.1 ; 31073.9
104.6 ; 20452 ; 31121.9
104.65 ; 20600 ; 31175.1
104.7 ; 20748 ; 31233.6
104.75 ; 20896.1 ; 31297.1
104.8 ; 21044.2 ; 31365.6
104.85 ; 21192.2 ; 31439
104.9 ; 21340 ; 31517.3
104.95 ; 21487.5 ; 31600.2
105 ; 21634.8 ; 31687.8
105.05 ; 21781.8 ; 31780
105.1 ; 21928.3 ; 31876.5
105.15 ; 22074.3 ; 31977.5
105.2 ; 22219.8 ; 32082.7
105.25 ; 22364.7 ; 32192
105.3 ; 22508.9 ; 32305.3
105.35 ; 22652.4 ; 32422.6
105.4 ; 22795.1 ; 32543.7
105.45 ; 22937 ; 32668.5
105.5 ; 23077.9 ; 32796.9
105.55 ; 23217.9 ; 32928.8
105.6 ; 23356.8 ; 33064
105.65 ; 23494.7 ; 33202.5
105.7 ; 23631.4 ; 33344.1
105.75 ; 23767 ; 33488.7
105.8 ; 23901.2 ; 33636.3
105.85 ; 24034.2 ; 33786.7
105.9 ; 24165.8 ; 33940
105.95 ; 24295.9 ; 34095.9
106 ; 24424.6 ; 34254.5
106.05 ; 24551.6 ; 34415.8
106.1 ; 24676.9 ; 34579.6
106.15 ; 24800.5 ; 34746
106.2 ; 24922.3 ; 34914.9
106.25 ; 25042.1 ; 35086.3
106.3 ; 25159.8 ; 35260.1
106.35 ; 25275.5 ; 35436.5
106.4 ; 25389 ; 35615.3
106.45 ; 25500.1 ; 35796.6
106.5 ; 25608.9 ; 35980.4
106.55 ; 25715.2 ; 36166.5
106.6 ; 25819 ; 36355.1
106.65 ; 25920 ; 36546
106.7 ; 26018.4 ; 36739.3
106.75 ; 26113.9 ; 36934.9
106.8 ; 26206.5 ; 37132.7
106.85 ; 26296.1 ; 37332.8
106.9 ; 26382.7 ; 37535
106.95 ; 26466.1 ; 37739.4
107 ; 26546.4 ; 37945.7
107.05 ; 26623.5 ; 38154
107.1 ; 26697.2 ; 38364.1
107.15 ; 26767.6 ; 38576.1
107.2 ; 26834.6 ; 38789.7
107.25 ; 26898.1 ; 39004.9
107.3 ; 26958.2 ; 39221.7
107.35 ; 27014.7 ; 39439.8
107.4 ; 27067.6 ; 39659.3
107.45 ; 27117 ; 39879.9
107.5 ; 27162.7 ; 40101.7
107.55 ; 27204.7 ; 40324.6
107.6 ; 27243.1 ; 40548.3
107.65 ; 27277.7 ; 40773
107.7 ; 27308.5 ; 40998.4
107.75 ; 27335.5 ; 41224.6
107.8 ; 27358.6 ; 41451.5
107.85 ; 27377.9 ; 41678.9
107.9 ; 27393.2 ; 41906.9
107.95 ; 27404.5 ; 42135.4
108 ; 27411.8 ; 42364.4
108.05 ; 27415.1 ; 42593.7
108.1 ; 27414.3 ; 42823.3
108.15 ; 27409.3 ; 43053.2
108.2 ; 27400.1 ; 43283.3
108.25 ; 27386.8 ; 43513.5
108.3 ; 27369.2 ; 43743.7
108.35 ; 27347.3 ; 43973.9
108.4 ; 27321.2 ; 44203.8
108.45 ; 27290.8 ; 44433.3
108.5 ; 27256.1 ; 44662.4
108.55 ; 27217.1 ; 44890.8
108.6 ; 27173.8 ; 45118.4
108.65 ; 27126.2 ; 45345.1
108.7 ; 27074.4 ; 45570.5
108.75 ; 27018.4 ; 45794.5
108.8 ; 26958.2 ; 46016.9
108.85 ; 26893.8 ; 46237.5
108.9 ; 26825.4 ; 46456.1
108.95 ; 26752.9 ; 46672.3
109 ; 26676.4 ; 46885.9
109.05 ; 26596 ; 47096.7
109.1 ; 26511.7 ; 47304.4
109.15 ; 26423.7 ; 47508.8
109.2 ; 26332 ; 47709.5
109.25 ; 26236.7 ; 47906.3
109.3 ; 26137.9 ; 48099
109.35 ; 26035.8 ; 48287.1
109.4 ; 25930.4 ; 48470.5
109.45 ; 25821.8 ; 48648.9
109.5 ; 25710.2 ; 48822
109.55 ; 25595.7 ; 48989.6
109.6 ; 25478.4 ; 49151.4
109.65 ; 25358.4 ; 49307.2
109.7 ; 25235.9 ; 49456.7
109.75 ; 25110.9 ; 49599.8
109.8 ; 24983.7 ; 49736.3
109.85 ; 24854.3 ; 49866
109.9 ; 24722.8 ; 49988.8
109.95 ; 24589.4 ; 50104.6
110 ; 24454.1 ; 50213.2
110.05 ; 24317.2 ; 50314.5
110.1 ; 24178.6 ; 50408.6
110.15 ; 24038.6 ; 50495.4
110.2 ; 23897.1 ; 50574.7
110.25 ; 23754.3 ; 50646.7
110.3 ; 23610.4 ; 50711.3
110.35 ; 23465.3 ; 50768.5
110.4 ; 23319.2 ; 50818.5
110.45 ; 23172.1 ; 50861.2
110.5 ; 23024.2 ; 50896.7
110.55 ; 22875.6 ; 50925.1
110.6 ; 22726.2 ; 50946.5
110.65 ; 22576.2 ; 50961
110.7 ; 22425.7 ; 50968.8
110.75 ; 22274.6 ; 50969.9
110.8 ; 22123.2 ; 50964.6
110.85 ; 21971.4 ; 50952.9
110.9 ; 21819.3 ; 50935
110.95 ; 21666.9 ; 50911.1
111 ; 21514.4 ; 50881.3
111.05 ; 21361.8 ; 50845.8
111.1 ; 21209.1 ; 50804.7
111.15 ; 21056.5 ; 50758.2
111.2 ; 20903.9 ; 50706.4
111.25 ; 20751.5 ; 50649.4
111.3 ; 20599.2 ; 50587.5
111.35 ; 20447.3 ; 50520.7
111.4 ; 20295.7 ; 50449.3
111.45 ; 20144.5 ; 50373.2
111.5 ; 19993.8 ; 50292.7
111.55 ; 19843.6 ; 50207.9
111.6 ; 19694.1 ; 50118.9
111.65 ; 19545.2 ; 50025.9
111.7 ; 19397.1 ; 49928.9
111.75 ; 19249.8 ; 49828.2
111.8 ; 19103.3 ; 49723.7
111.85 ; 18957.8 ; 49615.8
111.9 ; 18813.2 ; 49504.3
111.95 ; 18669.7 ; 49389.6
112 ; 18527.4 ; 49271.6
112.05 ; 18386.1 ; 49150.4
112.1 ; 18246.2 ; 49026.2
112.15 ; 18107.5 ; 48899
112.2 ; 17970.2 ; 48768.8
112.25 ; 17834.3 ; 48635.6
112.3 ; 17700 ; 48499.5
112.35 ; 17567.3 ; 48360.5
112.4 ; 17436.4 ; 48218.5
112.45 ; 17307.2 ; 48073.5
112.5 ; 17180 ; 47925.6
112.55 ; 17054.8 ; 47774.5
112.6 ; 16931.8 ; 47620.3
112.65 ; 16811 ; 47462.9
112.7 ; 16692.6 ; 47302.2
112.75 ; 16576.7 ; 47138.2
112.8 ; 16463.4 ; 46970.8
112.85 ; 16352.8 ; 46800
112.9 ; 16245.1 ; 46625.8
112.95 ; 16140.3 ; 46447.9
113 ; 16038.5 ; 46266.6
113.05 ; 15939.9 ; 46081.7
113.1 ; 15844.5 ; 45893.2
113.15 ; 15752.4 ; 45701.1
113.2 ; 15663.8 ; 45505.4
113.25 ; 15578.7 ; 45306.1
113.3 ; 15497.2 ; 45103.2
113.35 ; 15419.3 ; 44896.8
113.4 ; 15345.3 ; 44686.8
113.45 ; 15275.1 ; 44473.3
113.5 ; 15208.8 ; 44256.3
113.55 ; 15146.5 ; 44035.8
113.6 ; 15088.4 ; 43811.8
113.65 ; 15034.3 ; 43584.4
113.7 ; 14984.6 ; 43353.7
113.75 ; 14939.1 ; 43119.5
113.8 ; 14898 ; 42882.1
113.85 ; 14861.3 ; 42641.5
113.9 ; 14829.2 ; 42397.7
113.95 ; 14801.7 ; 42150.8
114 ; 14778.7 ; 41900.9
114.05 ; 14760.5 ; 41648.2
114.1 ; 14747 ; 41392.7
114.15 ; 14738.2 ; 41134.6
114.2 ; 14734.3 ; 40874
114.25 ; 14735.2 ; 40611.1
114.3 ; 14740.9 ; 40346.2
114.35 ; 14751.4 ; 40079.4
114.4 ; 14766.8 ; 39811
114.45 ; 14787 ; 39541.2
114.5 ; 14812 ; 39270.4
114.55 ; 14841.7 ; 38998.9
114.6 ; 14876.1 ; 38726.9
114.65 ; 14915.1 ; 38454.9
114.7 ; 14958.7 ; 38183.2
114.75 ; 15006.7 ; 37912.2
114.8 ; 15059.1 ; 37642.2
114.85 ; 15115.8 ; 37373.7
114.9 ; 15176.6 ; 37107
114.95 ; 15241.4 ; 36842.5
115 ; 15310.1 ; 36580.6
115.05 ; 15382.7 ; 36321.7
115.1 ; 15458.8 ; 36066.2
115.15 ; 15538.6 ; 35814.4
115.2 ; 15621.7 ; 35566.6
115.25 ; 15708 ; 35323.4
115.3 ; 15797.5 ; 35084.8
115.35 ; 15889.9 ; 34851.4
115.4 ; 15985.2 ; 34623.3
115.45 ; 16083.2 ; 34400.8
115.5 ; 16183.8 ; 34184.3
115.55 ; 16286.8 ; 33973.9
115.6 ; 16392.1 ; 33769.9
115.65 ; 16499.6 ; 33572.4
115.7 ; 16609.2 ; 33381.7
115.75 ; 16720.7 ; 33197.8
115.8 ; 16834.1 ; 33021
115.85 ; 16949.2 ; 32851.4
115.9 ; 17066 ; 32688.9
115.95 ; 17184.3 ; 32533.7
116 ; 17304.1 ; 32385.8
116.05 ; 17425.3 ; 32245.2
116.1 ; 17547.8 ; 32111.9
116.15 ; 17671.6 ; 31985.9
116.2 ; 17796.6 ; 31867.2
116.25 ; 17922.7 ; 31755.6
116.3 ; 18049.9 ; 31651.2
116.35 ; 18178.2 ; 31553.8
116.4 ; 18307.5 ; 31463.4
116.45 ; 18437.8 ; 31379.9
116.5 ; 18569 ; 31303.1
116.55 ; 18701.2 ; 31233
116.6 ; 18834.2 ; 31169.5
116.65 ; 18968.2 ; 31112.4
116.7 ; 19102.9 ; 31061.7
116.75 ; 19238.5 ; 31017.3
116.8 ; 19374.8 ; 30979
116.85 ; 19511.9 ; 30946.9
116.9 ; 19649.6 ; 30920.8
116.95 ; 19788.1 ; 30900.6
117 ; 19927.1 ; 30886.3
117.05 ; 20066.7 ; 30877.8
117.1 ; 20206.8 ; 30875
117.15 ; 20347.4 ; 30877.9
117.2 ; 20488.5 ; 30886.5
117.25 ; 20629.8 ; 30900.6
117.3 ; 20771.5 ; 30920.3
117.35 ; 20913.4 ; 30945.5
117.4 ; 21055.5 ; 30976.1
117.45 ; 21197.7 ; 31012.1
117.5 ; 21339.9 ; 31053.5
117.55 ; 21482 ; 31100.2
117.6 ; 21624 ; 31152.1
117.65 ; 21765.9 ; 31209.2
117.7 ; 21907.5 ; 31271.5
117.75 ; 22048.7 ; 31338.8
117.8 ; 22189.6 ; 31411.1
117.85 ; 22330 ; 31488.2
117.9 ; 22469.8 ; 31570.1
117.95 ; 22609 ; 31656.8
118 ; 22747.6 ; 31747.9
118.05 ; 22885.4 ; 31843.5
118.1 ; 23022.5 ; 31943.4
118.15 ; 23158.7 ; 32047.4
118.2 ; 23294.1 ; 32155.5
118.25 ; 23428.5 ; 32267.4
118.3 ; 23562 ; 32383
118.35 ; 23694.4 ; 32502.1
118.4 ; 23825.8 ; 32624.7
118.45 ; 23956.1 ; 32750.5
118.5 ; 24085.3 ; 32879.5
118.55 ; 24213.3 ; 33011.4
118.6 ; 24340 ; 33146.2
118.65 ; 24465.5 ; 33283.8
118.7 ; 24589.7 ; 33424.1
118.75 ; 24712.4 ; 33566.9
118.8 ; 24833.7 ; 33712.2
118.85 ; 24953.4 ; 33860
118.9 ; 25071.6 ; 34010.2
118.95 ; 25188.1 ; 34162.8
119 ; 25302.9 ; 34317.7
119.05 ; 25415.8 ; 34474.9
119.1 ; 25526.8 ; 34634.4
119.15 ; 25635.9 ; 34796.2
119.2 ; 25742.8 ; 34960.3
119.25 ; 25847.6 ; 35126.6
119.3 ; 25950.2 ; 35295.1
119.35 ; 26050.5 ; 35465.8
119.4 ; 26148.3 ; 35638.7
119.45 ; 26243.7 ; 35813.8
119.5 ; 26336.5 ; 35991
119.55 ; 26426.8 ; 36170.3
119.6 ; 26514.3 ; 36351.7
119.65 ; 26599.1 ; 36535.1
119.7 ; 26681.1 ; 36720.4
119.75 ; 26760.3 ; 36907.7
119.8 ; 26836.5 ; 37096.8
119.85 ; 26909.8 ; 37287.6
119.9 ; 26980.1 ; 37480.2
119.95 ; 27047.3 ; 37674.5
120 ; 27111.5 ; 37870.3
120.05 ; 27172.5 ; 38067.6
120.1 ; 27230.5 ; 38266.3
120.15 ; 27285.2 ; 38466.3
120.2 ; 27336.8 ; 38667.5
120.25 ; 27385.2 ; 38869.9
120.3 ; 27430.4 ; 39073.4
120.35 ; 27472.3 ; 39277.8
120.4 ; 27511 ; 39483.1
120.45 ; 27546.5 ; 39689.2
120.5 ; 27578.7 ; 39896.1
120.55 ; 27607.6 ; 40103.6
120.6 ; 27633.2 ; 40311.6
120.65 ; 27655.6 ; 40520.2
120.7 ; 27674.7 ; 40729.3
120.75 ; 27690.4 ; 40938.7
120.8 ; 27702.8 ; 41148.5
120.85 ; 27711.9 ; 41358.7
120.9 ; 27717.6 ; 41569.2
120.95 ; 27719.8 ; 41780
121 ; 27718.7 ; 41991
121.05 ; 27714.1 ; 42202.3
121.1 ; 27706 ; 42413.8
121.15 ; 27694.3 ; 42625.5
121.2 ; 27679.2 ; 42837.4
121.25 ; 27660.4 ; 43049.4
121.3 ; 27638 ; 43261.5
121.35 ; 27612 ; 43473.6
121.4 ; 27582.2 ; 43685.8
121.45 ; 27548.8 ; 43897.8
121.5 ; 27511.7 ; 44109.6
121.55 ; 27470.8 ; 44321.2
121.6 ; 27426.2 ; 44532.3
121.65 ; 27377.9 ; 44742.9
121.7 ; 27325.8 ; 44952.8
121.75 ; 27270 ; 45161.7
121.8 ; 27210.4 ; 45369.6
121.85 ; 27147.2 ; 45576.2
121.9 ; 27080.3 ; 45781.2
121.95 ; 27009.8 ; 45984.5
122 ; 26935.8 ; 46185.6
122.05 ; 26858.2 ; 46384.5
122.1 ; 26777.3 ; 46580.6
122.15 ; 26693 ; 46773.8
122.2 ; 26605.5 ; 46963.6
122.25 ; 26514.9 ; 47149.8
122.3 ; 26421.3 ; 47332
122.35 ; 26324.8 ; 47509.8
122.4 ; 26225.5 ; 47682.9
122.45 ; 26123.5 ; 47851
122.5 ; 26019.1 ; 48013.8
122.55 ; 25912.3 ; 48170.9
122.6 ; 25803.2 ; 48322
122.65 ; 25692 ; 48466.9
122.7 ; 25578.9 ; 48605.2
122.75 ; 25463.9 ; 48736.8
122.8 ; 25347.2 ; 48861.5
122.85 ; 25228.9 ; 48979
122.9 ; 25109.1 ; 49089.2
122.95 ; 24988 ; 49192
123 ; 24865.6 ; 49287.1
123.05 ; 24742.1 ; 49374.6
123.1 ; 24617.6 ; 49454.3
123.15 ; 24492.2 ; 49526.1
123.2 ; 24365.9 ; 49590.1
123.25 ; 24239 ; 49646.3
123.3 ; 24111.4 ; 49694.5
123.35 ; 23983.4 ; 49734.9
123.4 ; 23854.9 ; 49767.5
123.45 ; 23726.1 ; 49792.3
123.5 ; 23597 ; 49809.6
123.55 ; 23467.7 ; 49819.4
123.6 ; 23338.4 ; 49821.8
123.65 ; 23208.9 ; 49817.1
123.7 ; 23079.4 ; 49805.6
123.75 ; 22949.9 ; 49787.3
123.8 ; 22820.4 ; 49762.7
123.85 ; 22690.9 ; 49732
123.9 ; 22561.5 ; 49695.5
123.95 ; 22432 ; 49653.6
124 ; 22302.6 ; 49606.5
124.05 ; 22173.2 ; 49554.7
124.1 ; 22043.7 ; 49498.5
124.15 ; 21914.1 ; 49438.1
124.2 ; 21784.4 ; 49374.1
124.25 ; 21654.6 ; 49306.5
124.3 ; 21524.7 ; 49235.9
124.35 ; 21394.6 ; 49162.3
124.4 ; 21264.3 ; 49086.1
124.45 ; 21133.8 ; 49007.6
124.5 ; 21003.1 ; 48926.8
124.55 ; 20872.3 ; 48844.1
124.6 ; 20741.3 ; 48759.4
124.65 ; 20610.2 ; 48673.1
124.7 ; 20479 ; 48585.1
124.75 ; 20347.8 ; 48495.6
124.8 ; 20216.5 ; 48404.7
124.85 ; 20085.3 ; 48312.4
124.9 ; 19954.1 ; 48218.7
124.95 ; 19823.2 ; 48123.8
125 ; 19692.4 ; 48027.7
125.05 ; 19561.8 ; 47930.3
125.1 ; 19431.6 ; 47831.7
125.15 ; 19301.8 ; 47732
125.2 ; 19172.4 ; 47631
125.25 ; 19043.5 ; 47528.8
125.3 ; 18915.3 ; 47425.4
125.35 ; 18787.6 ; 47320.7
125.4 ; 18660.7 ; 47214.6
125.45 ; 18534.6 ; 47107.2
125.5 ; 18409.5 ; 46998.3
125.55 ; 18285.3 ; 46887.8
125.6 ; 18162.2 ; 46775.6
125.65 ; 18040.4 ; 46661.6
125.7 ; 17919.8 ; 46545.7
125.75 ; 17800.8 ; 46427.6
125.8 ; 17683.2 ; 46307.3
125.85 ; 17567.5 ; 46184.5
125.9 ; 17453.5 ; 46059.1
125.95 ; 17341.6 ; 45930.9
126 ; 17231.7 ; 45799.7
126.05 ; 17124.1 ; 45665.5
126.1 ; 17019 ; 45528
126.15 ; 16916.3 ; 45387.1
126.2 ; 16816.4 ; 45242.7
126.25 ; 16719.2 ; 45094.6
126.3 ; 16625 ; 44942.8
126.35 ; 16533.8 ; 44787.2
126.4 ; 16445.8 ; 44627.7
126.45 ; 16361.1 ; 44464.2
126.5 ; 16279.7 ; 44296.7
126.55 ; 16201.8 ; 44125.1
126.6 ; 16127.6 ; 43949.5
126.65 ; 16057 ; 43769.7
126.7 ; 15990.2 ; 43585.9
126.75 ; 15927.3 ; 43397.9
126.8 ; 15868.3 ; 43205.7
126.85 ; 15813.5 ; 43009.4
126.9 ; 15762.8 ; 42809
126.95 ; 15716.4 ; 42604.5
127 ; 15674.3 ; 42395.9
127.05 ; 15636.6 ; 42183.3
127.1 ; 15603.4 ; 41966.7
127.15 ; 15574.8 ; 41746.2
127.2 ; 15550.9 ; 41522
127.25 ; 15531.6 ; 41294.2
127.3 ; 15517 ; 41062.8
127.35 ; 15507.2 ; 40828.1
127.4 ; 15502.3 ; 40590.3
127.45 ; 15502.1 ; 40349.6
127.5 ; 15506.7 ; 40106.2
127.55 ; 15516.1 ; 39860.5
127.6 ; 15530.2 ; 39612.6
127.65 ; 15549.2 ; 39363
127.7 ; 15572.8 ; 39111.8
127.75 ; 15601 ; 38859.6
127.8 ; 15633.8 ; 38606.6
127.85 ; 15671.1 ; 38353.3
127.9 ; 15712.8 ; 38100
127.95 ; 15758.8 ; 37847
128 ; 15809 ; 37594.9
128.05 ; 15863.3 ; 37344
128.1 ; 15921.5 ; 37094.6
128.15 ; 15983.6 ; 36847.3
128.2 ; 16049.5 ; 36602.3
128.25 ; 16118.9 ; 36360.2
128.3 ; 16191.8 ; 36121.1
128.35 ; 16267.9 ; 35885.6
128.4 ; 16347.3 ; 35654
128.45 ; 16429.7 ; 35426.5
128.5 ; 16515 ; 35203.5
128.55 ; 16603.1 ; 34985.3
128.6 ; 16693.8 ; 34772.2
128.65 ; 16787 ; 34564.3
128.7 ; 16882.6 ; 34361.9
128.75 ; 16980.5 ; 34165.1
128.8 ; 17080.6 ; 33974.1
128.85 ; 17182.7 ; 33789.1
128.9 ; 17286.9 ; 33610.1
128.95 ; 17393 ; 33437.1
129 ; 17501 ; 33270.3
129.05 ; 17610.8 ; 33109.6
129.1 ; 17722.3 ; 32955
129.15 ; 17835.5 ; 32806.5
129.2 ; 17950.5 ; 32664.1
129.25 ; 18067 ; 32527.7
129.3 ; 18185.2 ; 32397.4
129.35 ; 18305 ; 32273
129.4 ; 18426.3 ; 32154.5
129.45 ; 18549.2 ; 32041.8
129.5 ; 18673.5 ; 31935.1
129.55 ; 18799.3 ; 31834.1
129.6 ; 18926.6 ; 31739
129.65 ; 19055.2 ; 31649.6
129.7 ; 19185.1 ; 31566.2
129.75 ; 19316.2 ; 31488.5
129.8 ; 19448.6 ; 31416.8
129.85 ; 19582.1 ; 31351
129.9 ; 19716.6 ; 31291.3
129.95 ; 19852.1 ; 31237.5
130 ; 19988.5 ; 31189.9
130.05 ; 20125.6 ; 31148.5
130.1 ; 20263.4 ; 31113.4
130.15 ; 20401.8 ; 31084.5
130.2 ; 20540.6 ; 31062
130.25 ; 20679.8 ; 31045.9
130.3 ; 20819.3 ; 31036.2
130.35 ; 20958.9 ; 31032.9
130.4 ; 21098.6 ; 31036
130.45 ; 21238.3 ; 31045.5
130.5 ; 21377.9 ; 31061.3
130.55 ; 21517.3 ; 31083.3
130.6 ; 21656.5 ; 31111.5
130.65 ; 21795.3 ; 31145.7
130.7 ; 21933.7 ; 31185.7
130.75 ; 22071.7 ; 31231.5
130.8 ; 22209.3 ; 31282.9
130.85 ; 22346.3 ; 31339.6
130.9 ; 22482.8 ; 31401.4
130.95 ; 22618.8 ; 31468.1
131 ; 22754.1 ; 31539.6
131.05 ; 22888.9 ; 31615.6
131.1 ; 23023.1 ; 31695.8
131.15 ; 23156.6 ; 31780
131.2 ; 23289.6 ; 31868
131.25 ; 23421.9 ; 31959.7
131.3 ; 23553.5 ; 32054.7
131.35 ; 23684.5 ; 32153
131.4 ; 23814.8 ; 32254.2
131.45 ; 23944.4 ; 32358.4
131.5 ; 24073.2 ; 32465.4
131.55 ; 24201.3 ; 32575
131.6 ; 24328.6 ; 32687.1
131.65 ; 24455 ; 32801.8
131.7 ; 24580.4 ; 32918.9
131.75 ; 24704.9 ; 33038.4
131.8 ; 24828.3 ; 33160.4
131.85 ; 24950.5 ; 33284.8
131.9 ; 25071.4 ; 33411.8
131.95 ; 25191 ; 33541.2
132 ; 25309 ; 33673.3
132.05 ; 25425.5 ; 33808
132.1 ; 25540.3 ; 33945.5
132.15 ; 25653.3 ; 34085.8
132.2 ; 25764.3 ; 34229
132.25 ; 25873.2 ; 34375.1
132.3 ; 25979.9 ; 34524.3
132.35 ; 26084.4 ; 34676.6
132.4 ; 26186.3 ; 34832.1
132.45 ; 26285.7 ; 34990.7
132.5 ; 26382.5 ; 35152.6
132.55 ; 26476.5 ; 35317.6
132.6 ; 26567.7 ; 35485.8
132.65 ; 26655.9 ; 35657.2
132.7 ; 26741.1 ; 35831.7
132.75 ; 26823.2 ; 36009.1
132.8 ; 26902.2 ; 36189.5
132.85 ; 26978.1 ; 36372.7
132.9 ; 27050.8 ; 36558.5
132.95 ; 27120.2 ; 36746.8
133 ; 27186.5 ; 36937.4
133.05 ; 27249.5 ; 37130.1
133.1 ; 27309.3 ; 37324.8
133.15 ; 27366 ; 37521.2
133.2 ; 27419.5 ; 37719.2
133.25 ; 27469.9 ; 37918.5
133.3 ; 27517.2 ; 38118.9
133.35 ; 27561.5 ; 38320.4
133.4 ; 27602.7 ; 38522.6
133.45 ; 27641 ; 38725.5
133.5 ; 27676.4 ; 38928.9
133.55 ; 27708.9 ; 39132.7
133.6 ; 27738.5 ; 39336.8
133.65 ; 27765.3 ; 39541.1
133.7 ; 27789.3 ; 39745.5
133.75 ; 27810.4 ; 39950.1
133.8 ; 27828.7 ; 40154.8
133.85 ; 27844.2 ; 40359.6
133.9 ; 27856.9 ; 40564.6
133.95 ; 27866.6 ; 40769.7
134 ; 27873.5 ; 40975.1
134.05 ; 27877.4 ; 41180.8
134.1 ; 27878.3 ; 41386.9
134.15 ; 27876.1 ; 41593.4
134.2 ; 27870.9 ; 41800.5
134.25 ; 27862.4 ; 42008.1
134.3 ; 27850.8 ; 42216.3
134.35 ; 27835.9 ; 42425.2
134.4 ; 27817.6 ; 42634.7
134.45 ; 27796 ; 42845
134.5 ; 27771 ; 43055.9
134.55 ; 27742.4 ; 43267.4
134.6 ; 27710.4 ; 43479.4
134.65 ; 27674.8 ; 43692
134.7 ; 27635.6 ; 43904.9
134.75 ; 27592.9 ; 44118.1
134.8 ; 27546.5 ; 44331.3
134.85 ; 27496.6 ; 44544.4
134.9 ; 27443 ; 44757.2
134.95 ; 27385.9 ; 44969.5
135 ; 27325.2 ; 45181
135.05 ; 27260.9 ; 45391.3
135.1 ; 27193.2 ; 45600.3
135.15 ; 27122.1 ; 45807.5
135.2 ; 27047.6 ; 46012.7
135.25 ; 26969.9 ; 46215.4
135.3 ; 26889 ; 46415.1
135.35 ; 26805.1 ; 46611.6
135.4 ; 26718.3 ; 46804.4
135.45 ; 26628.6 ; 46993.1
135.5 ; 26536.3 ; 47177.1
135.55 ; 26441.6 ; 47356.1
135.6 ; 26344.4 ; 47529.6
135.65 ; 26245.1 ; 47697.2
135.7 ; 26143.8 ; 47858.5
135.75 ; 26040.7 ; 48013
135.8 ; 25935.9 ; 48160.5
135.85 ; 25829.6 ; 48300.6
135.9 ; 25722 ; 48433
135.95 ; 25613.2 ; 48557.4
136 ; 25503.3 ; 48673.6
136.05 ; 25392.6 ; 48781.3
136.1 ; 25281.2 ; 48880.4
136.15 ; 25169.1 ; 48970.8
136.2 ; 25056.6 ; 49052.5
136.25 ; 24943.7 ; 49125.2
136.3 ; 24830.6 ; 49189.2
136.35 ; 24717.3 ; 49244.3
136.4 ; 24603.9 ; 49290.7
136.45 ; 24490.4 ; 49328.5
136.5 ; 24377 ; 49357.9
136.55 ; 24263.7 ; 49379
136.6 ; 24150.5 ; 49392.1
136.65 ; 24037.4 ; 49397.5
136.7 ; 23924.4 ; 49395.5
136.75 ; 23811.5 ; 49386.4
136.8 ; 23698.7 ; 49370.5
136.85 ; 23586 ; 49348.4
136.9 ; 23473.2 ; 49320.3
136.95 ; 23360.4 ; 49286.7
137 ; 23247.4 ; 49248
137.05 ; 23134.3 ; 49204.6
137.1 ; 23020.9 ; 49157.1
137.15 ; 22907.1 ; 49105.7
137.2 ; 22792.9 ; 49050.8
137.25 ; 22678.2 ; 48993
137.3 ; 22563 ; 48932.4
137.35 ; 22447.1 ; 48869.5
137.4 ; 22330.6 ; 48804.5
137.45 ; 22213.4 ; 48737.8
137.5 ; 22095.4 ; 48669.5
137.55 ; 21976.7 ; 48599.9
137.6 ; 21857.2 ; 48529.2
137.65 ; 21736.9 ; 48457.6
137.7 ; 21615.8 ; 48385.2
137.75 ; 21494 ; 48312.1
137.8 ; 21371.3 ; 48238.5
137.85 ; 21248 ; 48164.5
137.9 ; 21123.9 ; 48090.1
137.95 ; 20999.1 ; 48015.4
138 ; 20873.7 ; 47940.6
138.05 ; 20747.5 ; 47865.6
138.1 ; 20620.8 ; 47790.6
138.15 ; 20493.4 ; 47715.7
138.2 ; 20365.5 ; 47640.7
138.25 ; 20237 ; 47565.9
138.3 ; 20108 ; 47491.2
138.35 ; 19978.5 ; 47416.5
138.4 ; 19848.6 ; 47342
138.45 ; 19718.3 ; 47267.4
138.5 ; 19587.6 ; 47192.9
138.55 ; 19456.7 ; 47118.2
138.6 ; 19325.6 ; 47043.1
138.65 ; 19194.4 ; 46967.7
138.7 ; 19063.2 ; 46891.5
138.75 ; 18932.2 ; 46814.4
138.8 ; 18801.5 ; 46736.2
138.85 ; 18671.2 ; 46656.5
138.9 ; 18541.6 ; 46575.1
138.95 ; 18412.8 ; 46491.6
139 ; 18285 ; 46405.7
139.05 ; 18158.4 ; 46317.1
139.1 ; 18033.2 ; 46225.4
139.15 ; 17909.6 ; 46130.4
139.2 ; 17787.7 ; 46031.9
139.25 ; 17667.9 ; 45929.4
139.3 ; 17550.2 ; 45822.9
139.35 ; 17434.9 ; 45712.2
139.4 ; 17322.1 ; 45597.1
139.45 ; 17211.9 ; 45477.4
139.5 ; 17104.6 ; 45353.2
139.55 ; 17000.1 ; 45224.4
139.6 ; 16898.6 ; 45090.9
139.65 ; 16800.2 ; 44952.8
139.7 ; 16705 ; 44810.1
139.75 ; 16613 ; 44662.9
139.8 ; 16524.4 ; 44511.3
139.85 ; 16439.2 ; 44355.2
139.9 ; 16357.4 ; 44194.8
139.95 ; 16279.1 ; 44030
140 ; 16204.3 ; 43861.1
140.05 ; 16133.2 ; 43687.9
140.1 ; 16065.8 ; 43510.6
140.15 ; 16002.2 ; 43329.2
140.2 ; 15942.4 ; 43143.7
140.25 ; 15886.6 ; 42954.1
140.3 ; 15834.7 ; 42760.3
140.35 ; 15787 ; 42562.5
140.4 ; 15743.4 ; 42360.6
140.45 ; 15704.1 ; 42154.7
140.5 ; 15669.2 ; 41944.7
140.55 ; 15638.7 ; 41730.6
140.6 ; 15612.7 ; 41512.7
140.65 ; 15591.4 ; 41290.8
140.7 ; 15574.7 ; 41065.1
140.75 ; 15562.8 ; 40835.7
140.8 ; 15555.7 ; 40602.7
140.85 ; 15553.4 ; 40366.3
140.9 ; 15556.1 ; 40126.8
140.95 ; 15563.6 ; 39884.2
141 ; 15576.1 ; 39639
141.05 ; 15593.5 ; 39391.3
141.1 ; 15615.7 ; 39141.5
141.15 ; 15642.9 ; 38889.9
141.2 ; 15674.8 ; 38637
141.25 ; 15711.5 ; 38383
141.3 ; 15752.9 ; 38128.4
141.35 ; 15798.9 ; 37873.6
141.4 ; 15849.4 ; 37619.1
141.45 ; 15904.3 ; 37365.3
141.5 ; 15963.4 ; 37112.6
141.55 ; 16026.7 ; 36861.7
141.6 ; 16093.9 ; 36612.8
141.65 ; 16165 ; 36366.4
141.7 ; 16239.8 ; 36123.1
141.75 ; 16318.1 ; 35883.1
141.8 ; 16399.7 ; 35646.9
141.85 ; 16484.7 ; 35414.9
141.9 ; 16572.7 ; 35187.5
141.95 ; 16663.6 ; 34964.8
142 ; 16757.4 ; 34747.3
142.05 ; 16853.8 ; 34535.1
142.1 ; 16952.8 ; 34328.5
142.15 ; 17054.3 ; 34127.7
142.2 ; 17158 ; 33932.9
142.25 ; 17264.1 ; 33744
142.3 ; 17372.2 ; 33561.4
142.35 ; 17482.5 ; 33384.9
142.4 ; 17594.7 ; 33214.8
142.45 ; 17708.9 ; 33051
142.5 ; 17824.9 ; 32893.6
142.55 ; 17942.6 ; 32742.6
142.6 ; 18062.2 ; 32598
142.65 ; 18183.3 ; 32459.7
142.7 ; 18306.1 ; 32327.9
142.75 ; 18430.4 ; 32202.5
142.8 ; 18556.2 ; 32083.5
142.85 ; 18683.4 ; 31970.8
142.9 ; 18812 ; 31864.5
142.95 ; 18941.8 ; 31764.4
143 ; 19072.9 ; 31670.7
143.05 ; 19205.2 ; 31583.3
143.1 ; 19338.7 ; 31502
143.15 ; 19473.2 ; 31426.9
143.2 ; 19608.7 ; 31358
143.25 ; 19745.3 ; 31295
143.3 ; 19882.8 ; 31238
143.35 ; 20021.1 ; 31186.9
143.4 ; 20160.4 ; 31141.6
143.45 ; 20300.4 ; 31101.9
143.5 ; 20441.3 ; 31067.9
143.55 ; 20582.9 ; 31039.3
143.6 ; 20725.3 ; 31016.1
143.65 ; 20868.3 ; 30998.2
143.7 ; 21012 ; 30985.4
143.75 ; 21156.4 ; 30977.7
143.8 ; 21301.4 ; 30974.9
143.85 ; 21446.9 ; 30977
143.9 ; 21593 ; 30983.7
143.95 ; 21739.6 ; 30995.2
144 ; 21886.7 ; 31011.2
144.05 ; 22034.2 ; 31031.7
144.1 ; 22182 ; 31056.7
144.15 ; 22330.2 ; 31086
144.2 ; 22478.6 ; 31119.7
144.25 ; 22627.2 ; 31157.8
144.3 ; 22775.9 ; 31200.1
144.35 ; 22924.6 ; 31246.9
144.4 ; 23073.2 ; 31297.9
144.45 ; 23221.7 ; 31353.3
144.5 ; 23369.8 ; 31413.2
144.55 ; 23517.6 ; 31477.5
144.6 ; 23664.8 ; 31546.3
144.65 ; 23811.3 ; 31619.7
144.7 ; 23957 ; 31697.8
144.75 ; 24101.8 ; 31780.5
144.8 ; 24245.5 ; 31868.1
144.85 ; 24388 ; 31960.4
144.9 ; 24529.1 ; 32057.7
144.95 ; 24668.7 ; 32159.9
145 ; 24806.6 ; 32267.2
145.05 ; 24942.6 ; 32379.4
145.1 ; 25076.7 ; 32496.7
145.15 ; 25208.7 ; 32619.1
145.2 ; 25338.5 ; 32746.5
145.25 ; 25465.8 ; 32878.9
145.3 ; 25590.7 ; 33016.4
145.35 ; 25713 ; 33158.7
145.4 ; 25832.5 ; 33305.8
145.45 ; 25949.2 ; 33457.7
145.5 ; 26063.1 ; 33614.1
145.55 ; 26173.9 ; 33775
145.6 ; 26281.8 ; 33940.1
145.65 ; 26386.6 ; 34109.2
145.7 ; 26488.2 ; 34282.2
145.75 ; 26586.8 ; 34458.8
145.8 ; 26682.3 ; 34638.7
145.85 ; 26774.6 ; 34821.7
145.9 ; 26863.9 ; 35007.4
145.95 ; 26950 ; 35195.8
146 ; 27033.2 ; 35386.4
146.05 ; 27113.4 ; 35579
146.1 ; 27190.7 ; 35773.3
146.15 ; 27265.1 ; 35969.1
146.2 ; 27336.6 ; 36166.2
146.25 ; 27405.4 ; 36364.3
146.3 ; 27471.6 ; 36563.3
146.35 ; 27535 ; 36763
146.4 ; 27595.8 ; 36963.3
146.45 ; 27654.1 ; 37164.1
146.5 ; 27709.7 ; 37365.2
146.55 ; 27762.9 ; 37566.8
146.6 ; 27813.5 ; 37768.7
146.65 ; 27861.6 ; 37971
146.7 ; 27907.2 ; 38173.7
146.75 ; 27950.2 ; 38376.9
146.8 ; 27990.6 ; 38580.6
146.85 ; 28028.5 ; 38785
146.9 ; 28063.7 ; 38990.1
146.95 ; 28096.3 ; 39196.1
147 ; 28126.1 ; 39403.1
147.05 ; 28153.1 ; 39611.3
147.1 ; 28177.3 ; 39820.8
147.15 ; 28198.6 ; 40031.8
147.2 ; 28216.8 ; 40244.4
147.25 ; 28231.9 ; 40458.8
147.3 ; 28243.8 ; 40675.2
147.35 ; 28252.4 ; 40893.7
147.4 ; 28257.6 ; 41114.4
147.45 ; 28259.3 ; 41337.5
147.5 ; 28257.3 ; 41563.1
147.55 ; 28251.7 ; 41791.2
147.6 ; 28242.3 ; 42021.9
147.65 ; 28228.9 ; 42255.2
147.7 ; 28211.6 ; 42491.1
147.75 ; 28190.3 ; 42729.5
147.8 ; 28164.8 ; 42970.4
147.85 ; 28135.1 ; 43213.6
147.9 ; 28101.3 ; 43458.8
147.95 ; 28063.2 ; 43706
148 ; 28020.8 ; 43954.8
148.05 ; 27974.2 ; 44204.9
148.1 ; 27923.4 ; 44456
148.15 ; 27868.4 ; 44707.6
148.2 ; 27809.2 ; 44959.4
148.25 ; 27746 ; 45210.7
148.3 ; 27678.8 ; 45461.2
148.35 ; 27607.8 ; 45710.2
148.4 ; 27533 ; 45957.2
148.45 ; 27454.8 ; 46201.4
148.5 ; 27373.1 ; 46442.4
148.55 ; 27288.3 ; 46679.4
148.6 ; 27200.6 ; 46911.7
148.65 ; 27110 ; 47138.8
148.7 ; 27017 ; 47359.9
148.75 ; 26921.7 ; 47574.4
148.8 ; 26824.3 ; 47781.8
148.85 ; 26725.1 ; 47981.4
148.9 ; 26624.3 ; 48172.7
148.95 ; 26522.2 ; 48355.3
149 ; 26418.9 ; 48528.8
149.05 ; 26314.6 ; 48692.8
149.1 ; 26209.6 ; 48846.9
149.15 ; 26103.9 ; 48991.1
149.2 ; 25997.8 ; 49125.1
149.25 ; 25891.3 ; 49248.8
149.3 ; 25784.6 ; 49362.1
149.35 ; 25677.7 ; 49465.2
149.4 ; 25570.8 ; 49558
149.45 ; 25463.8 ; 49640.7
149.5 ; 25356.8 ; 49713.4
149.55 ; 25249.9 ; 49776.4
149.6 ; 25143 ; 49829.8
149.65 ; 25036.2 ; 49874
149.7 ; 24929.4 ; 49909.1
149.75 ; 24822.7 ; 49935.7
149.8 ; 24715.9 ; 49953.8
149.85 ; 24609.2 ; 49964
149.9 ; 24502.3 ; 49966.6
149.95 ; 24395.4 ; 49961.9
150 ; 24288.3 ; 49950.3
