0 ; 768.715 ; 3631.73
0.1 ; 769.605 ; 3544.78
0.2 ; 772.331 ; 3460.25
0.3 ; 776.852 ; 3378.31
0.4 ; 783.135 ; 3299.1
0.5 ; 791.154 ; 3222.74
0.6 ; 800.891 ; 3149.31
0.7 ; 812.335 ; 3078.9
0.8 ; 825.479 ; 3011.57
0.9 ; 840.323 ; 2947.35
1 ; 856.87 ; 2886.29
1.1 ; 875.125 ; 2828.42
1.2 ; 895.098 ; 2773.74
1.3 ; 916.8 ; 2722.28
1.4 ; 940.242 ; 2674.04
1.5 ; 965.438 ; 2629.02
1.6 ; 992.4 ; 2587.22
1.7 ; 1021.14 ; 2548.65
1.8 ; 1051.66 ; 2513.31
1.9 ; 1083.97 ; 2481.19
2 ; 1118.07 ; 2452.29
2.1 ; 1153.95 ; 2426.62
2.2 ; 1191.61 ; 2404.18
2.3 ; 1231.02 ; 2384.98
2.4 ; 1272.17 ; 2369.03
2.5 ; 1315 ; 2356.34
2.6 ; 1359.48 ; 2346.93
2.7 ; 1405.55 ; 2340.81
2.8 ; 1453.14 ; 2338.02
2.9 ; 1502.15 ; 2338.58
3 ; 1552.5 ; 2342.52
3.1 ; 1604.06 ; 2349.89
3.2 ; 1656.7 ; 2360.72
3.3 ; 1710.28 ; 2375.06
3.4 ; 1764.62 ; 2392.96
3.5 ; 1819.56 ; 2414.48
3.6 ; 1874.88 ; 2439.66
3.7 ; 1930.37 ; 2468.58
3.8 ; 1985.81 ; 2501.28
3.9 ; 2040.93 ; 2537.84
4 ; 2095.49 ; 2578.3
4.1 ; 2149.2 ; 2622.75
4.2 ; 2201.78 ; 2671.23
4.3 ; 2252.93 ; 2723.81
4.4 ; 2302.34 ; 2780.52
4.5 ; 2349.71 ; 2841.43
4.6 ; 2394.73 ; 2906.57
4.7 ; 2437.07 ; 2975.96
4.8 ; 2476.43 ; 3049.61
4.9 ; 2512.51 ; 3127.52
5 ; 2544.99 ; 3209.67
5.1 ; 2573.59 ; 3296
5.2 ; 2598.05 ; 3386.46
5.3 ; 2618.09 ; 3480.93
5.4 ; 2633.48 ; 3579.28
5.5 ; 2644.02 ; 3681.33
5.6 ; 2649.5 ; 3786.87
5.7 ; 2649.77 ; 3895.64
5.8 ; 2644.7 ; 4007.32
5.9 ; 2634.21 ; 4121.54
6 ; 2618.23 ; 4237.87
6.1 ; 2596.76 ; 4355.84
6.2 ; 2569.82 ; 4474.87
6.3 ; 2537.5 ; 4594.37
6.4 ; 2499.91 ; 4713.65
6.5 ; 2457.25 ; 4831.95
6.6 ; 2409.72 ; 4948.49
6.7 ; 2357.6 ; 5062.39
6.8 ; 2301.23 ; 5172.76
6.9 ; 2240.98 ; 5278.66
7 ; 2177.26 ; 5379.13
7.1 ; 2110.53 ; 5473.19
7.2 ; 2041.3 ; 5559.9
7.3 ; 1970.08 ; 5638.33
7.4 ; 1897.41 ; 5707.61
7.5 ; 1823.85 ; 5766.96
7.6 ; 1749.94 ; 5815.66
7.7 ; 1676.24 ; 5853.16
7.8 ; 1603.25 ; 5878.99
7.9 ; 1531.46 ; 5892.87
8 ; 1461.32 ; 5894.65
8.1 ; 1393.23 ; 5884.35
8.2 ; 1327.54 ; 5862.14
8.3 ; 1264.52 ; 5828.36
8.4 ; 1204.43 ; 5783.47
8.5 ; 1147.42 ; 5728.05
8.6 ; 1093.63 ; 5662.79
8.7 ; 1043.13 ; 5588.46
8.8 ; 995.953 ; 5505.89
8.9 ; 952.091 ; 5415.96
9 ; 911.507 ; 5319.54
9.1 ; 874.138 ; 5217.53
9.2 ; 839.903 ; 5110.8
9.3 ; 808.703 ; 5000.22
9.4 ; 780.435 ; 4886.59
9.5 ; 754.985 ; 4770.69
9.6 ; 732.241 ; 4653.24
9.7 ; 712.089 ; 4534.9
9.8 ; 694.421 ; 4416.3
9.9 ; 679.131 ; 4297.98
10 ; 666.12 ; 4180.47
10.1 ; 655.298 ; 4064.19
10.2 ; 646.582 ; 3949.57
10.3 ; 639.896 ; 3836.94
10.4 ; 635.177 ; 3726.61
10.5 ; 632.366 ; 3618.86
10.6 ; 631.417 ; 3513.89
10.7 ; 632.291 ; 3411.91
10.8 ; 634.959 ; 3313.06
10.9 ; 639.4 ; 3217.49
11 ; 645.6 ; 3125.28
11.1 ; 653.555 ; 3036.53
11.2 ; 663.268 ; 2951.3
11.3 ; 674.747 ; 2869.62
11.4 ; 688.01 ; 2791.53
11.5 ; 703.079 ; 2717.04
11.6 ; 719.982 ; 2646.15
11.7 ; 738.753 ; 2578.87
11.8 ; 759.431 ; 2515.18
11.9 ; 782.057 ; 2455.07
12 ; 806.676 ; 2398.52
12.1 ; 833.336 ; 2345.5
12.2 ; 862.087 ; 2296
12.3 ; 892.978 ; 2249.98
12.4 ; 926.059 ; 2207.43
12.5 ; 961.378 ; 2168.32
12.6 ; 998.979 ; 2132.64
12.7 ; 1038.9 ; 2100.37
12.8 ; 1081.19 ; 2071.49
12.9 ; 1125.86 ; 2046
13 ; 1172.94 ; 2023.89
13.1 ; 1222.44 ; 2005.17
13.2 ; 1274.36 ; 1989.85
13.3 ; 1328.66 ; 1977.94
13.4 ; 1385.34 ; 1969.46
13.5 ; 1444.32 ; 1964.45
13.6 ; 1505.55 ; 1962.93
13.7 ; 1568.93 ; 1964.96
13.8 ; 1634.35 ; 1970.58
13.9 ; 1701.66 ; 1979.86
14 ; 1770.71 ; 1992.87
14.1 ; 1841.29 ; 2009.68
14.2 ; 1913.2 ; 2030.38
14.3 ; 1986.19 ; 2055.06
14.4 ; 2059.97 ; 2083.82
14.5 ; 2134.26 ; 2116.78
14.6 ; 2208.72 ; 2154.05
14.7 ; 2283.01 ; 2195.75
14.8 ; 2356.75 ; 2242.01
14.9 ; 2429.54 ; 2292.97
15 ; 2500.97 ; 2348.77
15.1 ; 2570.62 ; 2409.54
15.2 ; 2638.04 ; 2475.44
15.3 ; 2702.78 ; 2546.59
15.4 ; 2764.4 ; 2623.13
15.5 ; 2822.43 ; 2705.21
15.6 ; 2876.43 ; 2792.93
15.7 ; 2925.95 ; 2886.4
15.8 ; 2970.56 ; 2985.73
15.9 ; 3009.84 ; 3090.96
16 ; 3043.39 ; 3202.15
16.1 ; 3070.83 ; 3319.3
16.2 ; 3091.81 ; 3442.38
16.3 ; 3106.01 ; 3571.3
16.4 ; 3113.14 ; 3705.94
16.5 ; 3112.95 ; 3846.07
16.6 ; 3105.23 ; 3991.44
16.7 ; 3089.83 ; 4141.67
16.8 ; 3066.64 ; 4296.32
16.9 ; 3035.59 ; 4454.83
17 ; 2996.71 ; 4616.52
17.1 ; 2950.07 ; 4780.6
17.2 ; 2895.82 ; 4946.15
17.3 ; 2834.18 ; 5112.11
17.4 ; 2765.46 ; 5277.3
17.5 ; 2690.07 ; 5440.38
17.6 ; 2608.48 ; 5599.92
17.7 ; 2521.28 ; 5754.33
17.8 ; 2429.14 ; 5901.98
17.9 ; 2332.8 ; 6041.13
18 ; 2233.1 ; 6170.06
18.1 ; 2130.94 ; 6287.02
18.2 ; 2027.24 ; 6390.36
18.3 ; 1922.99 ; 6478.55
18.4 ; 1819.13 ; 6550.24
18.5 ; 1716.61 ; 6604.31
18.6 ; 1616.32 ; 6639.94
18.7 ; 1519.04 ; 6656.63
18.8 ; 1425.48 ; 6654.23
18.9 ; 1336.22 ; 6632.95
19 ; 1251.69 ; 6593.33
19.1 ; 1172.21 ; 6536.23
19.2 ; 1097.98 ; 6462.76
19.3 ; 1029.05 ; 6374.28
19.4 ; 965.393 ; 6272.25
19.5 ; 906.906 ; 6158.27
19.6 ; 853.408 ; 6033.94
19.7 ; 804.68 ; 5900.89
19.8 ; 760.47 ; 5760.67
19.9 ; 720.513 ; 5614.76
20 ; 684.538 ; 5464.55
20.1 ; 652.279 ; 5311.31
20.2 ; 623.478 ; 5156.19
20.3 ; 597.892 ; 5000.23
20.4 ; 575.293 ; 4844.34
20.5 ; 555.475 ; 4689.34
20.6 ; 538.245 ; 4535.91
20.7 ; 523.434 ; 4384.66
20.8 ; 510.889 ; 4236.09
20.9 ; 500.474 ; 4090.65
21 ; 492.072 ; 3948.69
21.1 ; 485.58 ; 3810.5
21.2 ; 480.913 ; 3676.3
21.3 ; 477.998 ; 3546.3
21.4 ; 476.778 ; 3420.61
21.5 ; 477.206 ; 3299.35
21.6 ; 479.249 ; 3182.57
21.7 ; 482.887 ; 3070.31
21.8 ; 488.107 ; 2962.58
21.9 ; 494.911 ; 2859.38
22 ; 503.307 ; 2760.67
22.1 ; 513.313 ; 2666.41
22.2 ; 524.959 ; 2576.55
22.3 ; 538.281 ; 2491.03
22.4 ; 553.323 ; 2409.77
22.5 ; 570.137 ; 2332.7
22.6 ; 588.785 ; 2259.75
22.7 ; 609.332 ; 2190.82
22.8 ; 631.851 ; 2125.85
22.9 ; 656.423 ; 2064.75
23 ; 683.132 ; 2007.44
23.1 ; 712.068 ; 1953.84
23.2 ; 743.324 ; 1903.89
23.3 ; 776.997 ; 1857.51
23.4 ; 813.185 ; 1814.63
23.5 ; 851.988 ; 1775.2
23.6 ; 893.504 ; 1739.16
23.7 ; 937.831 ; 1706.47
23.8 ; 985.061 ; 1677.09
23.9 ; 1035.28 ; 1650.98
24 ; 1088.57 ; 1628.11
24.1 ; 1145 ; 1608.48
24.2 ; 1204.63 ; 1592.06
24.3 ; 1267.49 ; 1578.86
24.4 ; 1333.6 ; 1568.89
24.5 ; 1402.98 ; 1562.17
24.6 ; 1475.59 ; 1558.72
24.7 ; 1551.39 ; 1558.58
24.8 ; 1630.3 ; 1561.81
24.9 ; 1712.19 ; 1568.46
25 ; 1796.92 ; 1578.6
25.1 ; 1884.31 ; 1592.33
25.2 ; 1974.13 ; 1609.72
25.3 ; 2066.1 ; 1630.9
25.4 ; 2159.93 ; 1655.97
25.5 ; 2255.26 ; 1685.08
25.6 ; 2351.71 ; 1718.37
25.7 ; 2448.84 ; 1755.99
25.8 ; 2546.2 ; 1798.12
25.9 ; 2643.28 ; 1844.94
26 ; 2739.55 ; 1896.64
26.1 ; 2834.47 ; 1953.43
26.2 ; 2927.47 ; 2015.52
26.3 ; 3017.95 ; 2083.14
26.4 ; 3105.31 ; 2156.53
26.5 ; 3188.96 ; 2235.93
26.6 ; 3268.3 ; 2321.58
26.7 ; 3342.73 ; 2413.72
26.8 ; 3411.67 ; 2512.62
26.9 ; 3474.56 ; 2618.5
27 ; 3530.84 ; 2731.61
27.1 ; 3580.01 ; 2852.16
27.2 ; 3621.56 ; 2980.34
27.3 ; 3655.03 ; 3116.33
27.4 ; 3680 ; 3260.27
27.5 ; 3696.07 ; 3412.24
27.6 ; 3702.88 ; 3572.27
27.7 ; 3700.13 ; 3740.32
27.8 ; 3687.55 ; 3916.28
27.9 ; 3664.92 ; 4099.93
28 ; 3632.08 ; 4290.92
28.1 ; 3588.91 ; 4488.79
28.2 ; 3535.4 ; 4692.92
28.3 ; 3471.56 ; 4902.51
28.4 ; 3397.52 ; 5116.57
28.5 ; 3313.51 ; 5333.89
28.6 ; 3219.84 ; 5553.03
28.7 ; 3116.95 ; 5772.31
28.8 ; 3005.42 ; 5989.8
28.9 ; 2885.98 ; 6203.31
29 ; 2759.49 ; 6410.41
29.1 ; 2626.97 ; 6608.46
29.2 ; 2489.63 ; 6794.64
29.3 ; 2348.78 ; 6966.05
29.4 ; 2205.88 ; 7119.74
29.5 ; 2062.48 ; 7252.87
29.6 ; 1920.19 ; 7362.81
29.7 ; 1780.59 ; 7447.28
29.8 ; 1645.21 ; 7504.48
29.9 ; 1515.41 ; 7533.23
30 ; 1392.37 ; 7533.04
30.1 ; 1277.01 ; 7504.13
30.2 ; 1169.97 ; 7447.48
30.3 ; 1071.6 ; 7364.7
30.4 ; 981.981 ; 7257.98
30.5 ; 900.947 ; 7129.88
30.6 ; 828.156 ; 6983.23
30.7 ; 763.126 ; 6820.94
30.8 ; 705.292 ; 6645.92
30.9 ; 654.048 ; 6460.91
31 ; 608.784 ; 6268.46
31.1 ; 568.911 ; 6070.9
31.2 ; 533.875 ; 5870.27
31.3 ; 503.171 ; 5668.33
31.4 ; 476.34 ; 5466.62
31.5 ; 452.977 ; 5266.42
31.6 ; 432.723 ; 5068.8
31.7 ; 415.265 ; 4874.64
31.8 ; 400.331 ; 4684.66
31.9 ; 387.688 ; 4499.41
32 ; 377.132 ; 4319.35
32.1 ; 368.494 ; 4144.8
32.2 ; 361.628 ; 3976.01
32.3 ; 356.413 ; 3813.14
32.4 ; 352.748 ; 3656.29
32.5 ; 350.55 ; 3505.51
32.6 ; 349.756 ; 3360.79
32.7 ; 350.315 ; 3222.12
32.8 ; 352.192 ; 3089.41
32.9 ; 355.363 ; 2962.57
33 ; 359.817 ; 2841.51
33.1 ; 365.552 ; 2726.1
33.2 ; 372.58 ; 2616.19
33.3 ; 380.919 ; 2511.66
33.4 ; 390.598 ; 2412.34
33.5 ; 401.655 ; 2318.1
33.6 ; 414.135 ; 2228.76
33.7 ; 428.094 ; 2144.19
33.8 ; 443.594 ; 2064.23
33.9 ; 460.706 ; 1988.74
34 ; 479.509 ; 1917.56
34.1 ; 500.09 ; 1850.55
34.2 ; 522.541 ; 1787.59
34.3 ; 546.965 ; 1728.54
34.4 ; 573.469 ; 1673.27
34.5 ; 602.168 ; 1621.67
34.6 ; 633.182 ; 1573.63
34.7 ; 666.639 ; 1529.05
34.8 ; 702.668 ; 1487.83
34.9 ; 741.406 ; 1449.87
35 ; 782.989 ; 1415.11
35.1 ; 827.557 ; 1383.47
35.2 ; 875.25 ; 1354.88
35.3 ; 926.204 ; 1329.29
35.4 ; 980.554 ; 1306.65
35.5 ; 1038.43 ; 1286.92
35.6 ; 1099.94 ; 1270.08
35.7 ; 1165.2 ; 1256.1
35.8 ; 1234.3 ; 1244.98
35.9 ; 1307.32 ; 1236.71
36 ; 1384.29 ; 1231.3
36.1 ; 1465.26 ; 1228.78
36.2 ; 1550.2 ; 1229.18
36.3 ; 1639.09 ; 1232.54
36.4 ; 1731.84 ; 1238.91
36.5 ; 1828.33 ; 1248.36
36.6 ; 1928.4 ; 1260.96
36.7 ; 2031.84 ; 1276.82
36.8 ; 2138.37 ; 1296.02
36.9 ; 2247.68 ; 1318.7
37 ; 2359.41 ; 1344.97
37.1 ; 2473.13 ; 1374.98
37.2 ; 2588.36 ; 1408.9
37.3 ; 2704.59 ; 1446.9
37.4 ; 2821.24 ; 1489.15
37.5 ; 2937.71 ; 1535.88
37.6 ; 3053.35 ; 1587.29
37.7 ; 3167.5 ; 1643.62
37.8 ; 3279.46 ; 1705.12
37.9 ; 3388.53 ; 1772.04
38 ; 3494 ; 1844.67
38.1 ; 3595.16 ; 1923.28
38.2 ; 3691.31 ; 2008.18
38.3 ; 3781.77 ; 2099.68
38.4 ; 3865.87 ; 2198.08
38.5 ; 3942.99 ; 2303.71
38.6 ; 4012.52 ; 2416.88
38.7 ; 4073.89 ; 2537.92
38.8 ; 4126.58 ; 2667.13
38.9 ; 4170.09 ; 2804.8
39 ; 4203.98 ; 2951.22
39.1 ; 4227.84 ; 3106.62
39.2 ; 4241.29 ; 3271.21
39.3 ; 4244 ; 3445.14
39.4 ; 4235.7 ; 3628.51
39.5 ; 4216.13 ; 3821.33
39.6 ; 4185.1 ; 4023.52
39.7 ; 4142.45 ; 4234.88
39.8 ; 4088.08 ; 4455.07
39.9 ; 4021.95 ; 4683.62
40 ; 3944.08 ; 4919.83
40.1 ; 3854.56 ; 5162.84
40.2 ; 3753.59 ; 5411.52
40.3 ; 3641.44 ; 5664.47
40.4 ; 3518.53 ; 5920.04
40.5 ; 3385.38 ; 6176.24
40.6 ; 3242.7 ; 6430.77
40.7 ; 3091.33 ; 6680.98
40.8 ; 2932.33 ; 6923.91
40.9 ; 2766.92 ; 7156.31
41 ; 2596.56 ; 7374.65
41.1 ; 2422.87 ; 7575.25
41.2 ; 2247.66 ; 7754.32
41.3 ; 2072.89 ; 7908.15
41.4 ; 1900.6 ; 8033.21
41.5 ; 1732.85 ; 8126.41
41.6 ; 1571.64 ; 8185.23
41.7 ; 1418.78 ; 8207.97
41.8 ; 1275.82 ; 8193.88
41.9 ; 1143.96 ; 8143.26
42 ; 1023.96 ; 8057.51
42.1 ; 916.147 ; 7939.01
42.2 ; 820.417 ; 7791.03
42.3 ; 736.297 ; 7617.42
42.4 ; 663.027 ; 7422.39
42.5 ; 599.669 ; 7210.22
42.6 ; 545.188 ; 6985.06
42.7 ; 498.541 ; 6750.75
42.8 ; 458.73 ; 6510.7
42.9 ; 424.837 ; 6267.88
43 ; 396.047 ; 6024.78
43.1 ; 371.647 ; 5783.45
43.2 ; 351.03 ; 5545.54
43.3 ; 333.679 ; 5312.36
43.4 ; 319.161 ; 5084.92
43.5 ; 307.117 ; 4863.97
43.6 ; 297.249 ; 4650.07
43.7 ; 289.308 ; 4443.58
43.8 ; 283.094 ; 4244.76
43.9 ; 278.441 ; 4053.73
44 ; 275.215 ; 3870.54
44.1 ; 273.309 ; 3695.15
44.2 ; 272.638 ; 3527.49
44.3 ; 273.137 ; 3367.41
44.4 ; 274.757 ; 3214.77
44.5 ; 277.466 ; 3069.38
44.6 ; 281.24 ; 2931.03
44.7 ; 286.072 ; 2799.51
44.8 ; 291.963 ; 2674.59
44.9 ; 298.922 ; 2556.06
45 ; 306.969 ; 2443.67
45.1 ; 316.133 ; 2337.21
45.2 ; 326.449 ; 2236.45
45.3 ; 337.96 ; 2141.16
45.4 ; 350.718 ; 2051.13
45.5 ; 364.781 ; 1966.16
45.6 ; 380.213 ; 1886.04
45.7 ; 397.086 ; 1810.57
45.8 ; 415.48 ; 1739.58
45.9 ; 435.481 ; 1672.87
46 ; 457.18 ; 1610.3
46.1 ; 480.677 ; 1551.68
46.2 ; 506.077 ; 1496.88
46.3 ; 533.491 ; 1445.76
46.4 ; 563.037 ; 1398.16
46.5 ; 594.837 ; 1353.98
46.6 ; 629.02 ; 1313.1
46.7 ; 665.716 ; 1275.41
46.8 ; 705.062 ; 1240.81
46.9 ; 747.196 ; 1209.22
47 ; 792.257 ; 1180.55
47.1 ; 840.387 ; 1154.74
47.2 ; 891.724 ; 1131.71
47.3 ; 946.403 ; 1111.43
47.4 ; 1004.56 ; 1093.84
47.5 ; 1066.31 ; 1078.91
47.6 ; 1131.77 ; 1066.62
47.7 ; 1201.05 ; 1056.94
47.8 ; 1274.23 ; 1049.88
47.9 ; 1351.39 ; 1045.44
48 ; 1432.56 ; 1043.62
48.1 ; 1517.77 ; 1044.46
48.2 ; 1607.01 ; 1047.98
48.3 ; 1700.25 ; 1054.24
48.4 ; 1797.4 ; 1063.28
48.5 ; 1898.36 ; 1075.18
48.6 ; 2002.96 ; 1090.01
48.7 ; 2111 ; 1107.86
48.8 ; 2222.23 ; 1128.84
48.9 ; 2336.35 ; 1153.05
49 ; 2453 ; 1180.63
49.1 ; 2571.78 ; 1211.72
49.2 ; 2692.23 ; 1246.46
49.3 ; 2813.85 ; 1285.03
49.4 ; 2936.08 ; 1327.61
49.5 ; 3058.34 ; 1374.38
49.6 ; 3179.99 ; 1425.56
49.7 ; 3300.36 ; 1481.35
49.8 ; 3418.77 ; 1542
49.9 ; 3534.5 ; 1607.75
50 ; 3646.85 ; 1678.84
50.1 ; 3755.08 ; 1755.55
50.2 ; 3858.48 ; 1838.15
50.3 ; 3956.35 ; 1926.91
50.4 ; 4048.01 ; 2022.12
50.5 ; 4132.8 ; 2124.06
50.6 ; 4210.09 ; 2233.02
50.7 ; 4279.31 ; 2349.28
50.8 ; 4339.91 ; 2473.11
50.9 ; 4391.38 ; 2604.76
51 ; 4433.29 ; 2744.46
51.1 ; 4465.22 ; 2892.41
51.2 ; 4486.82 ; 3048.79
51.3 ; 4497.78 ; 3213.71
51.4 ; 4497.85 ; 3387.23
51.5 ; 4486.82 ; 3569.36
51.6 ; 4464.53 ; 3760
51.7 ; 4430.88 ; 3958.97
51.8 ; 4385.82 ; 4166
51.9 ; 4329.35 ; 4380.66
52 ; 4261.53 ; 4602.41
52.1 ; 4182.52 ; 4830.54
52.2 ; 4092.49 ; 5064.18
52.3 ; 3991.74 ; 5302.28
52.4 ; 3880.61 ; 5543.61
52.5 ; 3759.57 ; 5786.73
52.6 ; 3629.16 ; 6030
52.7 ; 3490.02 ; 6271.59
52.8 ; 3342.9 ; 6509.49
52.9 ; 3188.66 ; 6741.51
53 ; 3028.24 ; 6965.31
53.1 ; 2862.71 ; 7178.43
53.2 ; 2693.21 ; 7378.33
53.3 ; 2520.99 ; 7562.4
53.4 ; 2347.38 ; 7728.03
53.5 ; 2173.75 ; 7872.65
53.6 ; 2001.57 ; 7993.75
53.7 ; 1832.33 ; 8089
53.8 ; 1667.55 ; 8156.25
53.9 ; 1508.74 ; 8193.66
54 ; 1357.38 ; 8199.78
54.1 ; 1214.83 ; 8173.68
54.2 ; 1082.3 ; 8115.06
54.3 ; 960.752 ; 8024.35
54.4 ; 850.85 ; 7902.82
54.5 ; 752.9 ; 7752.55
54.6 ; 666.83 ; 7576.43
54.7 ; 592.214 ; 7377.93
54.8 ; 528.32 ; 7160.98
54.9 ; 474.203 ; 6929.68
55 ; 428.793 ; 6688.05
55.1 ; 390.989 ; 6439.85
55.2 ; 359.728 ; 6188.45
55.3 ; 334.04 ; 5936.71
55.4 ; 313.065 ; 5687.03
55.5 ; 296.069 ; 5441.32
55.6 ; 282.437 ; 5201.06
55.7 ; 271.66 ; 4967.37
55.8 ; 263.327 ; 4741.06
55.9 ; 257.103 ; 4522.7
56 ; 252.723 ; 4312.63
56.1 ; 249.975 ; 4111.05
56.2 ; 248.692 ; 3918.04
56.3 ; 248.747 ; 3733.57
56.4 ; 250.039 ; 3557.54
56.5 ; 252.496 ; 3389.81
56.6 ; 256.065 ; 3230.17
56.7 ; 260.71 ; 3078.41
56.8 ; 266.411 ; 2934.28
56.9 ; 273.161 ; 2797.52
57 ; 280.964 ; 2667.87
57.1 ; 289.834 ; 2545.08
57.2 ; 299.792 ; 2428.86
57.3 ; 310.871 ; 2318.95
57.4 ; 323.107 ; 2215.11
57.5 ; 336.546 ; 2117.08
57.6 ; 351.24 ; 2024.61
57.7 ; 367.245 ; 1937.47
57.8 ; 384.626 ; 1855.43
57.9 ; 403.452 ; 1778.28
58 ; 423.795 ; 1705.82
58.1 ; 445.735 ; 1637.84
58.2 ; 469.357 ; 1574.17
58.3 ; 494.746 ; 1514.62
58.4 ; 521.996 ; 1459.04
58.5 ; 551.202 ; 1407.26
58.6 ; 582.461 ; 1359.15
58.7 ; 615.875 ; 1314.57
58.8 ; 651.545 ; 1273.4
58.9 ; 689.576 ; 1235.52
59 ; 730.07 ; 1200.83
59.1 ; 773.132 ; 1169.24
59.2 ; 818.861 ; 1140.65
59.3 ; 867.357 ; 1115
59.4 ; 918.715 ; 1092.22
59.5 ; 973.023 ; 1072.24
59.6 ; 1030.36 ; 1055.03
59.7 ; 1090.81 ; 1040.55
59.8 ; 1154.43 ; 1028.77
59.9 ; 1221.28 ; 1019.67
60 ; 1291.39 ; 1013.23
60.1 ; 1364.8 ; 1009.47
60.2 ; 1441.5 ; 1008.39
60.3 ; 1521.49 ; 1010.01
60.4 ; 1604.74 ; 1014.37
60.5 ; 1691.2 ; 1021.49
60.6 ; 1780.79 ; 1031.43
60.7 ; 1873.41 ; 1044.25
60.8 ; 1968.93 ; 1060.03
60.9 ; 2067.2 ; 1078.83
61 ; 2168.02 ; 1100.75
61.1 ; 2271.18 ; 1125.9
61.2 ; 2376.42 ; 1154.38
61.3 ; 2483.46 ; 1186.32
61.4 ; 2591.99 ; 1221.85
61.5 ; 2701.64 ; 1261.1
61.6 ; 2812.04 ; 1304.24
61.7 ; 2922.75 ; 1351.41
61.8 ; 3033.32 ; 1402.79
61.9 ; 3143.27 ; 1458.56
62 ; 3252.08 ; 1518.9
62.1 ; 3359.21 ; 1583.98
62.2 ; 3464.1 ; 1654.01
62.3 ; 3566.16 ; 1729.18
62.4 ; 3664.79 ; 1809.68
62.5 ; 3759.39 ; 1895.69
62.6 ; 3849.35 ; 1987.41
62.7 ; 3934.07 ; 2085
62.8 ; 4012.96 ; 2188.63
62.9 ; 4085.43 ; 2298.44
63 ; 4150.94 ; 2414.56
63.1 ; 4208.96 ; 2537.08
63.2 ; 4259.02 ; 2666.07
63.3 ; 4300.66 ; 2801.56
63.4 ; 4333.5 ; 2943.53
63.5 ; 4357.2 ; 3091.91
63.6 ; 4371.47 ; 3246.59
63.7 ; 4376.09 ; 3407.37
63.8 ; 4370.9 ; 3574.01
63.9 ; 4355.8 ; 3746.17
64 ; 4330.76 ; 3923.46
64.1 ; 4295.81 ; 4105.37
64.2 ; 4251.06 ; 4291.34
64.3 ; 4196.68 ; 4480.68
64.4 ; 4132.9 ; 4672.66
64.5 ; 4060.02 ; 4866.41
64.6 ; 3978.42 ; 5061.02
64.7 ; 3888.51 ; 5255.49
64.8 ; 3790.79 ; 5448.75
64.9 ; 3685.79 ; 5639.67
65 ; 3574.09 ; 5827.13
65.1 ; 3456.3 ; 6009.95
65.2 ; 3333.08 ; 6186.99
65.3 ; 3205.07 ; 6357.14
65.4 ; 3072.95 ; 6519.33
65.5 ; 2937.35 ; 6672.57
65.6 ; 2798.91 ; 6815.92
65.7 ; 2658.27 ; 6948.53
65.8 ; 2516.01 ; 7069.6
65.9 ; 2372.73 ; 7178.33
66 ; 2229.03 ; 7273.98
66.1 ; 2085.51 ; 7355.74
66.2 ; 1942.8 ; 7422.77
66.3 ; 1801.57 ; 7474.18
66.4 ; 1662.56 ; 7508.99
66.5 ; 1526.54 ; 7526.16
66.6 ; 1394.39 ; 7524.63
66.7 ; 1266.99 ; 7503.34
66.8 ; 1145.29 ; 7461.34
66.9 ; 1030.23 ; 7397.86
67 ; 922.697 ; 7312.39
67.1 ; 823.505 ; 7204.86
67.2 ; 733.295 ; 7075.66
67.3 ; 652.495 ; 6925.8
67.4 ; 581.275 ; 6756.88
67.5 ; 519.522 ; 6571.08
67.6 ; 466.853 ; 6371.05
67.7 ; 422.653 ; 6159.79
67.8 ; 386.145 ; 5940.39
67.9 ; 356.463 ; 5715.89
68 ; 332.726 ; 5489.11
68.1 ; 314.097 ; 5262.54
68.2 ; 299.817 ; 5038.27
68.3 ; 289.229 ; 4818
68.4 ; 281.782 ; 4603.06
68.5 ; 277.02 ; 4394.43
68.6 ; 274.579 ; 4192.83
68.7 ; 274.172 ; 3998.73
68.8 ; 275.572 ; 3812.44
68.9 ; 278.608 ; 3634.08
69 ; 283.152 ; 3463.71
69.1 ; 289.107 ; 3301.26
69.2 ; 296.41 ; 3146.62
69.3 ; 305.017 ; 2999.62
69.4 ; 314.905 ; 2860.07
69.5 ; 326.066 ; 2727.76
69.6 ; 338.505 ; 2602.43
69.7 ; 352.24 ; 2483.86
69.8 ; 367.295 ; 2371.79
69.9 ; 383.705 ; 2265.98
70 ; 401.51 ; 2166.18
70.1 ; 420.757 ; 2072.16
70.2 ; 441.497 ; 1983.68
70.3 ; 463.786 ; 1900.52
70.4 ; 487.684 ; 1822.47
70.5 ; 513.252 ; 1749.32
70.6 ; 540.556 ; 1680.87
70.7 ; 569.66 ; 1616.95
70.8 ; 600.632 ; 1557.38
70.9 ; 633.538 ; 1501.99
71 ; 668.446 ; 1450.63
71.1 ; 705.419 ; 1403.17
71.2 ; 744.522 ; 1359.47
71.3 ; 785.813 ; 1319.42
71.4 ; 829.348 ; 1282.89
71.5 ; 875.18 ; 1249.8
71.6 ; 923.354 ; 1220.06
71.7 ; 973.908 ; 1193.59
71.8 ; 1026.87 ; 1170.31
71.9 ; 1082.28 ; 1150.18
72 ; 1140.13 ; 1133.15
72.1 ; 1200.44 ; 1119.17
72.2 ; 1263.19 ; 1108.23
72.3 ; 1328.37 ; 1100.3
72.4 ; 1395.94 ; 1095.37
72.5 ; 1465.87 ; 1093.45
72.6 ; 1538.08 ; 1094.54
72.7 ; 1612.52 ; 1098.67
72.8 ; 1689.08 ; 1105.87
72.9 ; 1767.68 ; 1116.18
73 ; 1848.19 ; 1129.64
73.1 ; 1930.47 ; 1146.32
73.2 ; 2014.39 ; 1166.27
73.3 ; 2099.77 ; 1189.57
73.4 ; 2186.44 ; 1216.3
73.5 ; 2274.2 ; 1246.55
73.6 ; 2362.85 ; 1280.41
73.7 ; 2452.15 ; 1317.98
73.8 ; 2541.88 ; 1359.38
73.9 ; 2631.77 ; 1404.69
74 ; 2721.57 ; 1454.05
74.1 ; 2810.97 ; 1507.55
74.2 ; 2899.69 ; 1565.31
74.3 ; 2987.41 ; 1627.45
74.4 ; 3073.81 ; 1694.06
74.5 ; 3158.54 ; 1765.25
74.6 ; 3241.24 ; 1841.1
74.7 ; 3321.56 ; 1921.7
74.8 ; 3399.12 ; 2007.11
74.9 ; 3473.53 ; 2097.38
75 ; 3544.39 ; 2192.54
75.1 ; 3611.32 ; 2292.59
75.2 ; 3673.91 ; 2397.52
75.3 ; 3731.77 ; 2507.29
75.4 ; 3784.51 ; 2621.8
75.5 ; 3831.75 ; 2740.97
75.6 ; 3873.14 ; 2864.63
75.7 ; 3908.33 ; 2992.61
75.8 ; 3937.01 ; 3124.68
75.9 ; 3958.9 ; 3260.58
76 ; 3973.76 ; 3400.01
76.1 ; 3981.37 ; 3542.61
76.2 ; 3981.57 ; 3687.99
76.3 ; 3974.27 ; 3835.69
76.4 ; 3959.41 ; 3985.23
76.5 ; 3936.98 ; 4136.05
76.6 ; 3907.06 ; 4287.56
76.7 ; 3869.76 ; 4439.12
76.8 ; 3825.28 ; 4590.03
76.9 ; 3773.85 ; 4739.58
77 ; 3715.79 ; 4887.02
77.1 ; 3651.45 ; 5031.56
77.2 ; 3581.23 ; 5172.44
77.3 ; 3505.57 ; 5308.92
77.4 ; 3424.96 ; 5440.27
77.5 ; 3339.86 ; 5565.84
77.6 ; 3250.78 ; 5685.07
77.7 ; 3158.19 ; 5797.48
77.8 ; 3062.54 ; 5902.72
77.9 ; 2964.24 ; 6000.55
78 ; 2863.68 ; 6090.86
78.1 ; 2761.19 ; 6173.64
78.2 ; 2657.05 ; 6248.95
78.3 ; 2551.52 ; 6316.91
78.4 ; 2444.82 ; 6377.68
78.5 ; 2337.15 ; 6431.4
78.6 ; 2228.73 ; 6478.17
78.7 ; 2119.74 ; 6518.03
78.8 ; 2010.41 ; 6550.92
78.9 ; 1900.98 ; 6576.71
79 ; 1791.73 ; 6595.11
79.1 ; 1682.98 ; 6605.76
79.2 ; 1575.1 ; 6608.13
79.3 ; 1468.52 ; 6601.62
79.4 ; 1363.71 ; 6585.51
79.5 ; 1261.21 ; 6558.99
79.6 ; 1161.61 ; 6521.23
79.7 ; 1065.55 ; 6471.35
79.8 ; 973.694 ; 6408.55
79.9 ; 886.739 ; 6332.09
80 ; 805.358 ; 6241.42
80.1 ; 730.183 ; 6136.23
80.2 ; 661.759 ; 6016.54
80.3 ; 600.503 ; 5882.75
80.4 ; 546.665 ; 5735.7
80.5 ; 500.302 ; 5576.68
80.6 ; 461.269 ; 5407.36
80.7 ; 429.229 ; 5229.74
80.8 ; 403.694 ; 5046.03
80.9 ; 384.071 ; 4858.47
81 ; 369.718 ; 4669.22
81.1 ; 360 ; 4480.27
81.2 ; 354.32 ; 4293.33
81.3 ; 352.152 ; 4109.81
81.4 ; 353.047 ; 3930.86
81.5 ; 356.636 ; 3757.31
81.6 ; 362.622 ; 3589.81
81.7 ; 370.775 ; 3428.77
81.8 ; 380.917 ; 3274.46
81.9 ; 392.918 ; 3127.01
82 ; 406.684 ; 2986.47
82.1 ; 422.15 ; 2852.81
82.2 ; 439.276 ; 2725.92
82.3 ; 458.038 ; 2605.7
82.4 ; 478.431 ; 2491.97
82.5 ; 500.458 ; 2384.56
82.6 ; 524.132 ; 2283.29
82.7 ; 549.473 ; 2187.96
82.8 ; 576.506 ; 2098.38
82.9 ; 605.259 ; 2014.35
83 ; 635.762 ; 1935.68
83.1 ; 668.046 ; 1862.19
83.2 ; 702.142 ; 1793.69
83.3 ; 738.079 ; 1730.03
83.4 ; 775.884 ; 1671.05
83.5 ; 815.581 ; 1616.59
83.6 ; 857.189 ; 1566.51
83.7 ; 900.725 ; 1520.68
83.8 ; 946.198 ; 1479
83.9 ; 993.61 ; 1441.34
84 ; 1042.96 ; 1407.61
84.1 ; 1094.23 ; 1377.74
84.2 ; 1147.4 ; 1351.63
84.3 ; 1202.45 ; 1329.23
84.4 ; 1259.33 ; 1310.48
84.5 ; 1317.99 ; 1295.33
84.6 ; 1378.37 ; 1283.76
84.7 ; 1440.41 ; 1275.73
84.8 ; 1504.01 ; 1271.24
84.9 ; 1569.08 ; 1270.26
85 ; 1635.52 ; 1272.82
85.1 ; 1703.2 ; 1278.91
85.2 ; 1772 ; 1288.55
85.3 ; 1841.78 ; 1301.77
85.4 ; 1912.4 ; 1318.6
85.5 ; 1983.68 ; 1339.08
85.6 ; 2055.46 ; 1363.24
85.7 ; 2127.57 ; 1391.14
85.8 ; 2199.83 ; 1422.81
85.9 ; 2272.04 ; 1458.31
86 ; 2344.01 ; 1497.7
86.1 ; 2415.54 ; 1541
86.2 ; 2486.43 ; 1588.28
86.3 ; 2556.49 ; 1639.56
86.4 ; 2625.5 ; 1694.89
86.5 ; 2693.26 ; 1754.29
86.6 ; 2759.58 ; 1817.78
86.7 ; 2824.25 ; 1885.35
86.8 ; 2887.07 ; 1957
86.9 ; 2947.85 ; 2032.7
87 ; 3006.4 ; 2112.41
87.1 ; 3062.52 ; 2196.09
87.2 ; 3116.05 ; 2283.64
87.3 ; 3166.78 ; 2374.98
87.4 ; 3214.55 ; 2469.99
87.5 ; 3259.18 ; 2568.54
87.6 ; 3300.5 ; 2670.48
87.7 ; 3338.32 ; 2775.64
87.8 ; 3372.49 ; 2883.84
87.9 ; 3402.83 ; 2994.87
88 ; 3429.18 ; 3108.49
88.1 ; 3451.37 ; 3224.46
88.2 ; 3469.25 ; 3342.5
88.3 ; 3482.66 ; 3462.32
88.4 ; 3491.47 ; 3583.58
88.5 ; 3495.56 ; 3705.94
88.6 ; 3494.81 ; 3828.99
88.7 ; 3489.15 ; 3952.31
88.8 ; 3478.52 ; 4075.43
88.9 ; 3462.89 ; 4197.85
89 ; 3442.28 ; 4319.04
89.1 ; 3416.73 ; 4438.42
89.2 ; 3386.36 ; 4555.38
89.3 ; 3351.28 ; 4669.32
89.4 ; 3311.69 ; 4779.59
89.5 ; 3267.81 ; 4885.58
89.6 ; 3219.91 ; 4986.67
89.7 ; 3168.28 ; 5082.3
89.8 ; 3113.23 ; 5171.97
89.9 ; 3055.08 ; 5255.26
90 ; 2994.17 ; 5331.85
90.1 ; 2930.8 ; 5401.55
90.2 ; 2865.27 ; 5464.27
90.3 ; 2797.83 ; 5520.07
90.4 ; 2728.71 ; 5569.1
90.5 ; 2658.1 ; 5611.64
90.6 ; 2586.16 ; 5648.02
90.7 ; 2513.01 ; 5678.64
90.8 ; 2438.77 ; 5703.95
90.9 ; 2363.5 ; 5724.37
91 ; 2287.31 ; 5740.33
91.1 ; 2210.25 ; 5752.22
91.2 ; 2132.41 ; 5760.35
91.3 ; 2053.87 ; 5765.03
91.4 ; 1974.72 ; 5766.44
91.5 ; 1895.08 ; 5764.73
91.6 ; 1815.06 ; 5759.95
91.7 ; 1734.82 ; 5752.09
91.8 ; 1654.5 ; 5741.05
91.9 ; 1574.31 ; 5726.66
92 ; 1494.44 ; 5708.66
92.1 ; 1415.15 ; 5686.73
92.2 ; 1336.7 ; 5660.48
92.3 ; 1259.4 ; 5629.43
92.4 ; 1183.58 ; 5593.08
92.5 ; 1109.6 ; 5550.85
92.6 ; 1037.89 ; 5502.14
92.7 ; 968.858 ; 5446.34
92.8 ; 902.977 ; 5382.85
92.9 ; 840.721 ; 5311.11
93 ; 782.569 ; 5230.66
93.1 ; 728.988 ; 5141.13
93.2 ; 680.414 ; 5042.36
93.3 ; 637.22 ; 4934.37
93.4 ; 599.698 ; 4817.47
93.5 ; 568.032 ; 4692.24
93.6 ; 542.278 ; 4559.56
93.7 ; 522.359 ; 4420.55
93.8 ; 508.07 ; 4276.59
93.9 ; 499.098 ; 4129.18
94 ; 495.05 ; 3979.87
94.1 ; 495.493 ; 3830.2
94.2 ; 499.986 ; 3681.57
94.3 ; 508.111 ; 3535.22
94.4 ; 519.491 ; 3392.19
94.5 ; 533.802 ; 3253.3
94.6 ; 550.774 ; 3119.19
94.7 ; 570.188 ; 2990.34
94.8 ; 591.872 ; 2867.06
94.9 ; 615.689 ; 2749.55
95 ; 641.538 ; 2637.93
95.1 ; 669.339 ; 2532.22
95.2 ; 699.033 ; 2432.42
95.3 ; 730.575 ; 2338.47
95.4 ; 763.929 ; 2250.26
95.5 ; 799.067 ; 2167.72
95.6 ; 835.966 ; 2090.7
95.7 ; 874.604 ; 2019.09
95.8 ; 914.959 ; 1952.76
95.9 ; 957.009 ; 1891.59
96 ; 1000.73 ; 1835.45
96.1 ; 1046.09 ; 1784.22
96.2 ; 1093.05 ; 1737.79
96.3 ; 1141.58 ; 1696.05
96.4 ; 1191.62 ; 1658.92
96.5 ; 1243.13 ; 1626.29
96.6 ; 1296.04 ; 1598.1
96.7 ; 1350.27 ; 1574.27
96.8 ; 1405.76 ; 1554.73
96.9 ; 1462.41 ; 1539.44
97 ; 1520.11 ; 1528.34
97.1 ; 1578.77 ; 1521.41
97.2 ; 1638.26 ; 1518.61
97.3 ; 1698.45 ; 1519.91
97.4 ; 1759.21 ; 1525.29
97.5 ; 1820.4 ; 1534.74
97.6 ; 1881.85 ; 1548.24
97.7 ; 1943.41 ; 1565.79
97.8 ; 2004.91 ; 1587.38
97.9 ; 2066.18 ; 1613
98 ; 2127.05 ; 1642.63
98.1 ; 2187.32 ; 1676.27
98.2 ; 2246.84 ; 1713.89
98.3 ; 2305.41 ; 1755.46
98.4 ; 2362.86 ; 1800.97
98.5 ; 2419.02 ; 1850.35
98.6 ; 2473.73 ; 1903.57
98.7 ; 2526.81 ; 1960.56
98.8 ; 2578.11 ; 2021.24
98.9 ; 2627.5 ; 2085.53
99 ; 2674.83 ; 2153.33
99.1 ; 2719.99 ; 2224.53
99.2 ; 2762.84 ; 2299.02
99.3 ; 2803.29 ; 2376.65
99.4 ; 2841.25 ; 2457.29
99.5 ; 2876.61 ; 2540.81
99.6 ; 2909.31 ; 2627.03
99.7 ; 2939.26 ; 2715.81
99.8 ; 2966.4 ; 2806.98
99.9 ; 2990.68 ; 2900.37
100 ; 3012.02 ; 2995.81
100.1 ; 3030.39 ; 3093.11
100.2 ; 3045.73 ; 3192.08
100.3 ; 3057.99 ; 3292.52
100.4 ; 3067.13 ; 3394.2
100.5 ; 3073.13 ; 3496.89
100.6 ; 3075.94 ; 3600.33
100.7 ; 3075.55 ; 3704.24
100.8 ; 3071.93 ; 3808.31
100.9 ; 3065.09 ; 3912.19
101 ; 3055.04 ; 4015.52
101.1 ; 3041.79 ; 4117.88
101.2 ; 3025.39 ; 4218.84
101.3 ; 3005.89 ; 4317.92
101.4 ; 2983.38 ; 4414.6
101.5 ; 2957.95 ; 4508.36
101.6 ; 2929.74 ; 4598.65
101.7 ; 2898.89 ; 4684.9
101.8 ; 2865.58 ; 4766.56
101.9 ; 2830 ; 4843.11
102 ; 2792.34 ; 4914.06
102.1 ; 2752.82 ; 4978.97
102.2 ; 2711.65 ; 5037.49
102.3 ; 2669.02 ; 5089.37
102.4 ; 2625.13 ; 5134.45
102.5 ; 2580.14 ; 5172.7
102.6 ; 2534.19 ; 5204.2
102.7 ; 2487.37 ; 5229.14
102.8 ; 2439.79 ; 5247.82
102.9 ; 2391.48 ; 5260.6
103 ; 2342.48 ; 5267.9
103.1 ; 2292.81 ; 5270.21
103.2 ; 2242.48 ; 5268
103.3 ; 2191.5 ; 5261.75
103.4 ; 2139.87 ; 5251.93
103.5 ; 2087.6 ; 5238.98
103.6 ; 2034.72 ; 5223.3
103.7 ; 1981.24 ; 5205.25
103.8 ; 1927.22 ; 5185.16
103.9 ; 1872.69 ; 5163.3
104 ; 1817.73 ; 5139.88
104.1 ; 1762.39 ; 5115.09
104.2 ; 1706.76 ; 5089.06
104.3 ; 1650.94 ; 5061.87
104.4 ; 1595.02 ; 5033.57
104.5 ; 1539.12 ; 5004.16
104.6 ; 1483.37 ; 4973.6
104.7 ; 1427.91 ; 4941.79
104.8 ; 1372.87 ; 4908.62
104.9 ; 1318.44 ; 4873.91
105 ; 1264.78 ; 4837.47
105.1 ; 1212.08 ; 4799.05
105.2 ; 1160.56 ; 4758.37
105.3 ; 1110.44 ; 4715.15
105.4 ; 1061.96 ; 4669.03
105.5 ; 1015.38 ; 4619.66
105.6 ; 970.976 ; 4566.7
105.7 ; 929.033 ; 4509.76
105.8 ; 889.854 ; 4448.49
105.9 ; 853.746 ; 4382.58
106 ; 821.017 ; 4311.74
106.1 ; 791.968 ; 4235.76
106.2 ; 766.882 ; 4154.53
106.3 ; 746.013 ; 4068.04
106.4 ; 729.572 ; 3976.42
106.5 ; 717.715 ; 3879.98
106.6 ; 710.53 ; 3779.16
106.7 ; 708.027 ; 3674.6
106.8 ; 710.138 ; 3567.06
106.9 ; 716.713 ; 3457.47
107 ; 727.537 ; 3346.8
107.1 ; 742.342 ; 3236.08
107.2 ; 760.829 ; 3126.32
107.3 ; 782.692 ; 3018.45
107.4 ; 807.631 ; 2913.31
107.5 ; 835.367 ; 2811.59
107.6 ; 865.653 ; 2713.87
107.7 ; 898.273 ; 2620.6
107.8 ; 933.04 ; 2532.12
107.9 ; 969.795 ; 2448.65
108 ; 1008.4 ; 2370.36
108.1 ; 1048.74 ; 2297.35
108.2 ; 1090.71 ; 2229.64
108.3 ; 1134.22 ; 2167.27
108.4 ; 1179.16 ; 2110.19
108.5 ; 1225.45 ; 2058.39
108.6 ; 1273.02 ; 2011.8
108.7 ; 1321.76 ; 1970.37
108.8 ; 1371.58 ; 1934.04
108.9 ; 1422.4 ; 1902.74
109 ; 1474.11 ; 1876.4
109.1 ; 1526.59 ; 1854.96
109.2 ; 1579.75 ; 1838.36
109.3 ; 1633.45 ; 1826.53
109.4 ; 1687.58 ; 1819.41
109.5 ; 1741.99 ; 1816.95
109.6 ; 1796.55 ; 1819.07
109.7 ; 1851.11 ; 1825.72
109.8 ; 1905.53 ; 1836.84
109.9 ; 1959.64 ; 1852.36
110 ; 2013.28 ; 1872.21
110.1 ; 2066.31 ; 1896.31
110.2 ; 2118.55 ; 1924.58
110.3 ; 2169.85 ; 1956.94
110.4 ; 2220.04 ; 1993.28
110.5 ; 2268.99 ; 2033.5
110.6 ; 2316.52 ; 2077.48
110.7 ; 2362.51 ; 2125.1
110.8 ; 2406.81 ; 2176.23
110.9 ; 2449.3 ; 2230.71
111 ; 2489.86 ; 2288.41
111.1 ; 2528.37 ; 2349.18
111.2 ; 2564.74 ; 2412.84
111.3 ; 2598.88 ; 2479.26
111.4 ; 2630.69 ; 2548.27
111.5 ; 2660.11 ; 2619.71
111.6 ; 2687.06 ; 2693.43
111.7 ; 2711.48 ; 2769.28
111.8 ; 2733.32 ; 2847.11
111.9 ; 2752.54 ; 2926.78
112 ; 2769.08 ; 3008.15
112.1 ; 2782.91 ; 3091.08
112.2 ; 2794.01 ; 3175.42
112.3 ; 2802.35 ; 3261.03
112.4 ; 2807.9 ; 3347.75
112.5 ; 2810.66 ; 3435.43
112.6 ; 2810.63 ; 3523.88
112.7 ; 2807.8 ; 3612.92
112.8 ; 2802.2 ; 3702.34
112.9 ; 2793.84 ; 3791.9
113 ; 2782.77 ; 3881.35
113.1 ; 2769.02 ; 3970.4
113.2 ; 2752.66 ; 4058.72
113.3 ; 2733.77 ; 4145.97
113.4 ; 2712.45 ; 4231.76
113.5 ; 2688.81 ; 4315.68
113.6 ; 2662.98 ; 4397.27
113.7 ; 2635.11 ; 4476.06
113.8 ; 2605.38 ; 4551.56
113.9 ; 2573.97 ; 4623.26
114 ; 2541.09 ; 4690.66
114.1 ; 2506.94 ; 4753.26
114.2 ; 2471.77 ; 4810.6
114.3 ; 2435.78 ; 4862.26
114.4 ; 2399.19 ; 4907.88
114.5 ; 2362.22 ; 4947.17
114.6 ; 2325.04 ; 4979.95
114.7 ; 2287.82 ; 5006.12
114.8 ; 2250.67 ; 5025.71
114.9 ; 2213.7 ; 5038.82
115 ; 2176.96 ; 5045.68
115.1 ; 2140.46 ; 5046.59
115.2 ; 2104.22 ; 5041.93
115.3 ; 2068.19 ; 5032.1
115.4 ; 2032.34 ; 5017.58
115.5 ; 1996.61 ; 4998.82
115.6 ; 1960.95 ; 4976.29
115.7 ; 1925.29 ; 4950.44
115.8 ; 1889.59 ; 4921.72
115.9 ; 1853.8 ; 4890.53
116 ; 1817.9 ; 4857.23
116.1 ; 1781.85 ; 4822.18
116.2 ; 1745.67 ; 4785.67
116.3 ; 1709.35 ; 4747.98
116.4 ; 1672.92 ; 4709.33
116.5 ; 1636.4 ; 4669.94
116.6 ; 1599.84 ; 4629.97
116.7 ; 1563.29 ; 4589.57
116.8 ; 1526.81 ; 4548.85
116.9 ; 1490.48 ; 4507.89
117 ; 1454.37 ; 4466.76
117.1 ; 1418.57 ; 4425.49
117.2 ; 1383.17 ; 4384.1
117.3 ; 1348.27 ; 4342.58
117.4 ; 1313.99 ; 4300.89
117.5 ; 1280.42 ; 4258.99
117.6 ; 1247.7 ; 4216.8
117.7 ; 1215.94 ; 4174.22
117.8 ; 1185.28 ; 4131.15
117.9 ; 1155.85 ; 4087.46
118 ; 1127.79 ; 4043
118.1 ; 1101.26 ; 3997.62
118.2 ; 1076.4 ; 3951.17
118.3 ; 1053.37 ; 3903.45
118.4 ; 1032.34 ; 3854.31
118.5 ; 1013.47 ; 3803.58
118.6 ; 996.923 ; 3751.08
118.7 ; 982.872 ; 3696.66
118.8 ; 971.479 ; 3640.21
118.9 ; 962.904 ; 3581.61
119 ; 957.3 ; 3520.8
119.1 ; 954.808 ; 3457.75
119.2 ; 955.554 ; 3392.5
119.3 ; 959.643 ; 3325.14
119.4 ; 967.154 ; 3255.83
119.5 ; 978.133 ; 3184.83
119.6 ; 992.589 ; 3112.45
119.7 ; 1010.49 ; 3039.12
119.8 ; 1031.75 ; 2965.34
119.9 ; 1056.25 ; 2891.66
120 ; 1083.83 ; 2818.7
120.1 ; 1114.28 ; 2747.11
120.2 ; 1147.37 ; 2677.51
120.3 ; 1182.88 ; 2610.51
120.4 ; 1220.56 ; 2546.67
120.5 ; 1260.17 ; 2486.45
120.6 ; 1301.5 ; 2430.27
120.7 ; 1344.33 ; 2378.44
120.8 ; 1388.49 ; 2331.22
120.9 ; 1433.78 ; 2288.8
121 ; 1480.04 ; 2251.28
121.1 ; 1527.12 ; 2218.76
121.2 ; 1574.87 ; 2191.27
121.3 ; 1623.15 ; 2168.83
121.4 ; 1671.81 ; 2151.41
121.5 ; 1720.72 ; 2138.99
121.6 ; 1769.72 ; 2131.49
121.7 ; 1818.69 ; 2128.86
121.8 ; 1867.48 ; 2131
121.9 ; 1915.94 ; 2137.83
122 ; 1963.95 ; 2149.23
122.1 ; 2011.34 ; 2165.08
122.2 ; 2057.99 ; 2185.26
122.3 ; 2103.76 ; 2209.62
122.4 ; 2148.5 ; 2238.01
122.5 ; 2192.09 ; 2270.27
122.6 ; 2234.4 ; 2306.23
122.7 ; 2275.31 ; 2345.71
122.8 ; 2314.69 ; 2388.55
122.9 ; 2352.45 ; 2434.55
123 ; 2388.46 ; 2483.52
123.1 ; 2422.64 ; 2535.3
123.2 ; 2454.89 ; 2589.7
123.3 ; 2485.13 ; 2646.55
123.4 ; 2513.26 ; 2705.68
123.5 ; 2539.23 ; 2766.93
123.6 ; 2562.94 ; 2830.16
123.7 ; 2584.34 ; 2895.22
123.8 ; 2603.37 ; 2961.99
123.9 ; 2619.97 ; 3030.35
124 ; 2634.08 ; 3100.16
124.1 ; 2645.67 ; 3171.33
124.2 ; 2654.69 ; 3243.74
124.3 ; 2661.1 ; 3317.29
124.4 ; 2664.89 ; 3391.86
124.5 ; 2666.01 ; 3467.34
124.6 ; 2664.47 ; 3543.6
124.7 ; 2660.25 ; 3620.51
124.8 ; 2653.36 ; 3697.92
124.9 ; 2643.81 ; 3775.66
125 ; 2631.63 ; 3853.55
125.1 ; 2616.84 ; 3931.38
125.2 ; 2599.5 ; 4008.9
125.3 ; 2579.68 ; 4085.86
125.4 ; 2557.46 ; 4161.97
125.5 ; 2532.93 ; 4236.9
125.6 ; 2506.21 ; 4310.29
125.7 ; 2477.43 ; 4381.77
125.8 ; 2446.75 ; 4450.93
125.9 ; 2414.34 ; 4517.33
126 ; 2380.4 ; 4580.51
126.1 ; 2345.13 ; 4640.03
126.2 ; 2308.76 ; 4695.42
126.3 ; 2271.53 ; 4746.22
126.4 ; 2233.68 ; 4792.01
126.5 ; 2195.47 ; 4832.39
126.6 ; 2157.14 ; 4867.03
126.7 ; 2118.92 ; 4895.66
126.8 ; 2081.02 ; 4918.08
126.9 ; 2043.64 ; 4934.2
127 ; 2006.94 ; 4944.01
127.1 ; 1971.03 ; 4947.61
127.2 ; 1936.01 ; 4945.16
127.3 ; 1901.94 ; 4936.94
127.4 ; 1868.83 ; 4923.28
127.5 ; 1836.68 ; 4904.55
127.6 ; 1805.45 ; 4881.16
127.7 ; 1775.12 ; 4853.56
127.8 ; 1745.6 ; 4822.19
127.9 ; 1716.86 ; 4787.47
128 ; 1688.81 ; 4749.83
128.1 ; 1661.4 ; 4709.66
128.2 ; 1634.57 ; 4667.35
128.3 ; 1608.27 ; 4623.22
128.4 ; 1582.45 ; 4577.61
128.5 ; 1557.08 ; 4530.8
128.6 ; 1532.14 ; 4483.05
128.7 ; 1507.6 ; 4434.59
128.8 ; 1483.47 ; 4385.64
128.9 ; 1459.75 ; 4336.37
129 ; 1436.46 ; 4286.94
129.1 ; 1413.61 ; 4237.5
129.2 ; 1391.25 ; 4188.16
129.3 ; 1369.4 ; 4139.02
129.4 ; 1348.12 ; 4090.16
129.5 ; 1327.46 ; 4041.65
129.6 ; 1307.47 ; 3993.52
129.7 ; 1288.24 ; 3945.82
129.8 ; 1269.81 ; 3898.56
129.9 ; 1252.27 ; 3851.74
130 ; 1235.69 ; 3805.36
130.1 ; 1220.16 ; 3759.41
130.2 ; 1205.74 ; 3713.85
130.3 ; 1192.53 ; 3668.66
130.4 ; 1180.61 ; 3623.78
130.5 ; 1170.06 ; 3579.19
130.6 ; 1160.96 ; 3534.82
130.7 ; 1153.4 ; 3490.62
130.8 ; 1147.46 ; 3446.56
130.9 ; 1143.21 ; 3402.57
131 ; 1140.74 ; 3358.61
131.1 ; 1140.12 ; 3314.64
131.2 ; 1141.41 ; 3270.62
131.3 ; 1144.68 ; 3226.52
131.4 ; 1150 ; 3182.33
131.5 ; 1157.43 ; 3138.03
131.6 ; 1167 ; 3093.63
131.7 ; 1178.78 ; 3049.14
131.8 ; 1192.8 ; 3004.59
131.9 ; 1209.1 ; 2960.05
132 ; 1227.68 ; 2915.6
132.1 ; 1248.57 ; 2871.33
132.2 ; 1271.75 ; 2827.41
132.3 ; 1297.2 ; 2784.01
132.4 ; 1324.87 ; 2741.34
132.5 ; 1354.7 ; 2699.66
132.6 ; 1386.59 ; 2659.27
132.7 ; 1420.42 ; 2620.5
132.8 ; 1456.06 ; 2583.71
132.9 ; 1493.33 ; 2549.27
133 ; 1532.06 ; 2517.54
133.1 ; 1572.03 ; 2488.88
133.2 ; 1613.06 ; 2463.62
133.3 ; 1654.94 ; 2442.05
133.4 ; 1697.47 ; 2424.4
133.5 ; 1740.45 ; 2410.84
133.6 ; 1783.71 ; 2401.51
133.7 ; 1827.06 ; 2396.49
133.8 ; 1870.34 ; 2395.81
133.9 ; 1913.4 ; 2399.44
134 ; 1956.09 ; 2407.33
134.1 ; 1998.27 ; 2419.4
134.2 ; 2039.81 ; 2435.53
134.3 ; 2080.57 ; 2455.59
134.4 ; 2120.46 ; 2479.41
134.5 ; 2159.34 ; 2506.83
134.6 ; 2197.1 ; 2537.67
134.7 ; 2233.66 ; 2571.72
134.8 ; 2268.89 ; 2608.81
134.9 ; 2302.72 ; 2648.74
135 ; 2335.04 ; 2691.31
135.1 ; 2365.77 ; 2736.35
135.2 ; 2394.81 ; 2783.68
135.3 ; 2422.09 ; 2833.14
135.4 ; 2447.53 ; 2884.57
135.5 ; 2471.04 ; 2937.82
135.6 ; 2492.54 ; 2992.76
135.7 ; 2511.98 ; 3049.28
135.8 ; 2529.27 ; 3107.27
135.9 ; 2544.34 ; 3166.61
136 ; 2557.15 ; 3227.22
136.1 ; 2567.62 ; 3289.02
136.2 ; 2575.7 ; 3351.91
136.3 ; 2581.35 ; 3415.82
136.4 ; 2584.53 ; 3480.66
136.5 ; 2585.19 ; 3546.35
136.6 ; 2583.31 ; 3612.79
136.7 ; 2578.87 ; 3679.89
136.8 ; 2571.86 ; 3747.53
136.9 ; 2562.27 ; 3815.59
137 ; 2550.11 ; 3883.92
137.1 ; 2535.41 ; 3952.36
137.2 ; 2518.19 ; 4020.74
137.3 ; 2498.5 ; 4088.85
137.4 ; 2476.4 ; 4156.45
137.5 ; 2451.96 ; 4223.29
137.6 ; 2425.27 ; 4289.1
137.7 ; 2396.44 ; 4353.56
137.8 ; 2365.59 ; 4416.33
137.9 ; 2332.88 ; 4477.06
138 ; 2298.46 ; 4535.35
138.1 ; 2262.5 ; 4590.82
138.2 ; 2225.22 ; 4643.04
138.3 ; 2186.83 ; 4691.58
138.4 ; 2147.56 ; 4736.04
138.5 ; 2107.64 ; 4776
138.6 ; 2067.33 ; 4811.08
138.7 ; 2026.87 ; 4840.94
138.8 ; 1986.51 ; 4865.28
138.9 ; 1946.49 ; 4883.88
139 ; 1907.03 ; 4896.59
139.1 ; 1868.31 ; 4903.32
139.2 ; 1830.51 ; 4904.09
139.3 ; 1793.76 ; 4899
139.4 ; 1758.17 ; 4888.23
139.5 ; 1723.82 ; 4872.02
139.6 ; 1690.74 ; 4850.68
139.7 ; 1658.96 ; 4824.55
139.8 ; 1628.48 ; 4794.03
139.9 ; 1599.29 ; 4759.5
140 ; 1571.35 ; 4721.37
140.1 ; 1544.63 ; 4680.04
140.2 ; 1519.09 ; 4635.9
140.3 ; 1494.68 ; 4589.33
140.4 ; 1471.37 ; 4540.66
140.5 ; 1449.11 ; 4490.25
140.6 ; 1427.85 ; 4438.39
140.7 ; 1407.58 ; 4385.37
140.8 ; 1388.25 ; 4331.46
140.9 ; 1369.85 ; 4276.89
141 ; 1352.35 ; 4221.88
141.1 ; 1335.74 ; 4166.61
141.2 ; 1320.02 ; 4111.28
141.3 ; 1305.19 ; 4056.03
141.4 ; 1291.25 ; 4001
141.5 ; 1278.2 ; 3946.31
141.6 ; 1266.08 ; 3892.07
141.7 ; 1254.9 ; 3838.36
141.8 ; 1244.69 ; 3785.26
141.9 ; 1235.47 ; 3732.84
142 ; 1227.28 ; 3681.14
142.1 ; 1220.16 ; 3630.22
142.2 ; 1214.15 ; 3580.11
142.3 ; 1209.28 ; 3530.83
142.4 ; 1205.6 ; 3482.41
142.5 ; 1203.15 ; 3434.87
142.6 ; 1201.96 ; 3388.21
142.7 ; 1202.09 ; 3342.46
142.8 ; 1203.56 ; 3297.62
142.9 ; 1206.42 ; 3253.71
143 ; 1210.69 ; 3210.74
143.1 ; 1216.4 ; 3168.74
143.2 ; 1223.57 ; 3127.71
143.3 ; 1232.23 ; 3087.69
143.4 ; 1242.4 ; 3048.69
143.5 ; 1254.08 ; 3010.74
143.6 ; 1267.29 ; 2973.86
143.7 ; 1282.04 ; 2938.1
143.8 ; 1298.31 ; 2903.48
143.9 ; 1316.11 ; 2870.05
144 ; 1335.44 ; 2837.83
144.1 ; 1356.28 ; 2806.89
144.2 ; 1378.62 ; 2777.25
144.3 ; 1402.44 ; 2748.99
144.4 ; 1427.7 ; 2722.16
144.5 ; 1454.39 ; 2696.84
144.6 ; 1482.46 ; 2673.1
144.7 ; 1511.87 ; 2651.03
144.8 ; 1542.55 ; 2630.75
144.9 ; 1574.44 ; 2612.38
145 ; 1607.45 ; 2596.04
145.1 ; 1641.5 ; 2581.91
145.2 ; 1676.47 ; 2570.13
145.3 ; 1712.23 ; 2560.87
145.4 ; 1748.66 ; 2554.32
145.5 ; 1785.61 ; 2550.62
145.6 ; 1822.92 ; 2549.92
145.7 ; 1860.46 ; 2552.35
145.8 ; 1898.07 ; 2557.98
145.9 ; 1935.6 ; 2566.86
146 ; 1972.91 ; 2579.02
146.1 ; 2009.88 ; 2594.43
146.2 ; 2046.37 ; 2613.04
146.3 ; 2082.27 ; 2634.77
146.4 ; 2117.47 ; 2659.51
146.5 ; 2151.87 ; 2687.13
146.6 ; 2185.36 ; 2717.49
146.7 ; 2217.85 ; 2750.43
146.8 ; 2249.26 ; 2785.81
146.9 ; 2279.49 ; 2823.45
147 ; 2308.45 ; 2863.21
147.1 ; 2336.07 ; 2904.93
147.2 ; 2362.26 ; 2948.47
147.3 ; 2386.94 ; 2993.7
147.4 ; 2410.02 ; 3040.49
147.5 ; 2431.41 ; 3088.74
147.6 ; 2451.05 ; 3138.34
147.7 ; 2468.85 ; 3189.19
147.8 ; 2484.74 ; 3241.23
147.9 ; 2498.63 ; 3294.38
148 ; 2510.46 ; 3348.56
148.1 ; 2520.15 ; 3403.73
148.2 ; 2527.65 ; 3459.8
148.3 ; 2532.89 ; 3516.74
148.4 ; 2535.83 ; 3574.47
148.5 ; 2536.4 ; 3632.93
148.6 ; 2534.59 ; 3692.05
148.7 ; 2530.34 ; 3751.76
148.8 ; 2523.65 ; 3811.97
148.9 ; 2514.49 ; 3872.57
149 ; 2502.86 ; 3933.45
149.1 ; 2488.77 ; 3994.5
149.2 ; 2472.23 ; 4055.55
149.3 ; 2453.28 ; 4116.44
149.4 ; 2431.95 ; 4177
149.5 ; 2408.3 ; 4237
149.6 ; 2382.41 ; 4296.23
149.7 ; 2354.35 ; 4354.42
149.8 ; 2324.23 ; 4411.29
149.9 ; 2292.17 ; 4466.55
150 ; 2258.3 ; 4519.87
